0 0 106.694565 -657.6765 43.7339 LeftHip
1 0 16.838455 -647.87775 67.78217 LeftHip
2 0 19.50737 -645.31866 105.08409 LeftHip
3 0 60.018112 -646.9569 134.47989 LeftHip
4 0 87.49449 -642.20355 168.16402 LeftHip
5 0 110.563156 -622.6028 233.75645 LeftHip
6 0 126.02583 -604.67914 275.05676 LeftHip
7 0 157.26671 -599.73486 281.66913 LeftHip
8 0 163.16782 -601.53827 276.92847 LeftHip
9 0 157.33792 -614.98517 248.50568 LeftHip
10 0 145.4089 -643.0216 164.49118 LeftHip
11 0 103.377045 -657.6082 43.889103 LeftHip
12 0 50.143433 -649.3478 -23.619343 LeftHip
13 0 21.078674 -648.3613 13.79682 LeftHip
14 0 33.164658 -648.69617 95.63936 LeftHip
15 0 65.45575 -642.2835 160.60728 LeftHip
16 0 101.21777 -636.1239 193.11069 LeftHip
17 0 120.75369 -623.24493 232.08742 LeftHip
18 0 162.24901 -601.27576 277.6465 LeftHip
19 0 213.17361 -591.68036 281.2914 LeftHip
20 0 229.53499 -585.7619 285.519 LeftHip
21 0 176.41043 -593.6906 289.4032 LeftHip
22 0 145.75925 -633.6573 199.14723 LeftHip
23 0 80.0152 -656.45496 53.22834 LeftHip
24 0 34.552124 -640.89905 -61.1908 LeftHip
25 0 39.657196 -644.0646 -48.70962 LeftHip
26 0 36.27063 -651.3382 22.973433 LeftHip
27 0 60.525513 -645.8169 141.08586 LeftHip
28 0 106.24278 -627.12964 221.29619 LeftHip
29 0 130.42137 -605.86975 272.34235 LeftHip
30 0 154.80515 -572.4681 329.89914 LeftHip
31 0 163.64285 -550.75946 360.01013 LeftHip
32 0 174.18979 -563.587 340.141 LeftHip
33 0 136.88269 -579.8448 320.0 LeftHip
34 0 113.62213 -609.997 263.9351 LeftHip
35 0 83.06224 -648.26984 138.14503 LeftHip
36 0 62.65219 -654.74066 24.889015 LeftHip
37 0 28.229904 -644.57837 -34.615993 LeftHip
38 0 -21.298935 -638.4474 7.5006523 LeftHip
39 0 -22.555283 -639.0506 62.38721 LeftHip
40 0 -9.041931 -636.4773 124.617294 LeftHip
0 1 97.79216 -1167.7007 43.7339 LeftKnee
1 1 -62.61798 -1052.925 -231.92987 LeftKnee
2 1 -63.04373 -1070.126 -164.96794 LeftKnee
3 1 -3.2310333 -1094.6182 -101.74658 LeftKnee
4 1 43.800278 -1110.61 -29.042007 LeftKnee
5 1 96.448456 -1111.7981 89.90715 LeftKnee
6 1 154.65294 -1113.27 248.22705 LeftKnee
7 1 229.14667 -1104.1864 305.45798 LeftKnee
8 1 227.358 -1090.8414 147.83163 LeftKnee
9 1 173.02931 -1026.523 -52.483368 LeftKnee
10 1 141.72925 -954.5615 -239.40646 LeftKnee
11 1 89.89548 -935.01416 -383.97552 LeftKnee
12 1 28.717499 -1003.0272 -390.57407 LeftKnee
13 1 -43.801575 -1061.6198 -278.11414 LeftKnee
14 1 -33.380478 -1079.8531 -168.70781 LeftKnee
15 1 16.296661 -1090.7922 -77.35747 LeftKnee
16 1 76.07608 -1106.4341 -2.797821 LeftKnee
17 1 123.067 -1110.3397 80.6369 LeftKnee
18 1 209.47476 -1104.4307 208.30148 LeftKnee
19 1 343.70538 -1079.9038 350.59705 LeftKnee
20 1 381.174 -1072.8032 284.99002 LeftKnee
21 1 226.70654 -1068.0236 108.62018 LeftKnee
22 1 96.3159 -1029.547 -118.70595 LeftKnee
23 1 -4.5586243 -988.7266 -324.45782 LeftKnee
24 1 -25.072495 -996.26746 -422.24783 LeftKnee
25 1 -8.344025 -1061.8932 -337.36008 LeftKnee
26 1 -29.486206 -1100.3909 -209.90347 LeftKnee
27 1 10.237228 -1102.0574 -81.44441 LeftKnee
28 1 85.66785 -1088.0952 3.8303375 LeftKnee
29 1 128.50468 -1074.6643 71.26526 LeftKnee
30 1 184.90332 -1053.6871 163.38716 LeftKnee
31 1 235.48727 -1053.8276 315.6853 LeftKnee
32 1 278.1739 -1051.0186 448.777 LeftKnee
33 1 199.75238 -1083.9075 273.39368 LeftKnee
34 1 130.75085 -1060.2125 24.73526 LeftKnee
35 1 61.510345 -1015.3846 -215.36061 LeftKnee
36 1 26.542236 -984.6665 -362.4726 LeftKnee
37 1 -16.203812 -993.28186 -404.2584 LeftKnee
38 1 -103.20734 -1014.0299 -327.8093 LeftKnee
39 1 -120.27527 -1050.3671 -223.04837 LeftKnee
40 1 -95.96431 -1074.0038 -122.807465 LeftKnee
0 2 97.088425 -1208.0219 193.9406 LeftFeet
1 2 -77.53934 -1128.4751 -96.80815 LeftFeet
2 2 -71.45001 -1144.616 -28.700119 LeftFeet
3 2 -9.352856 -1161.912 38.33339 LeftFeet
4 2 27.105972 -1182.7411 107.73059 LeftFeet
5 2 71.48004 -1184.2637 225.23514 LeftFeet
6 2 126.30747 -1181.6818 384.9922 LeftFeet
7 2 208.99612 -1137.273 456.08194 LeftFeet
8 2 237.56189 -1145.2383 293.17673 LeftFeet
9 2 187.1734 -1129.4115 63.284607 LeftFeet
10 2 139.47855 -1093.9675 -170.49167 LeftFeet
11 2 57.991676 -1081.6099 -342.98526 LeftFeet
12 2 -12.070843 -1117.2654 -293.23804 LeftFeet
13 2 -58.9384 -1138.8773 -143.98553 LeftFeet
14 2 -39.81636 -1150.6733 -30.391464 LeftFeet
15 2 8.13839 -1166.9325 58.01036 LeftFeet
16 2 65.964775 -1187.7917 129.36508 LeftFeet
17 2 110.109695 -1189.2466 214.03159 LeftFeet
18 2 210.5833 -1173.5945 347.59787 LeftFeet
19 2 367.09476 -1132.2676 495.16296 LeftFeet
20 2 405.26428 -1092.0493 437.42883 LeftFeet
21 2 260.21698 -1126.2966 248.86868 LeftFeet
22 2 130.97853 -1134.2661 -9.066742 LeftFeet
23 2 -12.516541 -1119.2115 -240.20407 LeftFeet
24 2 -57.63269 -1126.3486 -343.463 LeftFeet
25 2 -25.857931 -1150.5159 -210.75986 LeftFeet
26 2 -32.516754 -1167.3641 -69.56909 LeftFeet
27 2 13.007393 -1171.6576 57.611237 LeftFeet
28 2 87.64024 -1163.7498 139.70099 LeftFeet
29 2 120.96732 -1150.8313 206.65405 LeftFeet
30 2 171.04228 -1127.1367 299.774 LeftFeet
31 2 222.08536 -1114.6361 458.20215 LeftFeet
32 2 272.5931 -1078.893 601.6829 LeftFeet
33 2 188.30595 -1128.0812 422.0746 LeftFeet
34 2 124.7894 -1144.1019 155.561 LeftFeet
35 2 39.2713 -1131.1141 -113.8696 LeftFeet
36 2 -28.379326 -1113.3547 -294.56616 LeftFeet
37 2 -83.870125 -1102.2191 -316.2682 LeftFeet
38 2 -144.50784 -1090.9336 -199.09087 LeftFeet
39 2 -145.21649 -1107.74 -80.65936 LeftFeet
40 2 -111.911995 -1132.6528 20.35083 LeftFeet
0 3 97.088425 -1208.0219 271.81488 LeftToe
1 3 -78.90705 -1135.2246 -19.238953 LeftToe
2 3 -70.7598 -1155.342 48.428864 LeftToe
3 3 -6.848774 -1154.204 115.78481 LeftToe
4 3 21.135612 -1194.5197 184.4771 LeftToe
5 3 59.27704 -1201.9685 300.08185 LeftToe
6 3 109.946526 -1197.7317 459.41748 LeftToe
7 3 192.32114 -1099.8306 522.2969 LeftToe
8 3 235.71747 -1121.2601 367.24463 LeftToe
9 3 191.32237 -1129.2549 141.04814 LeftToe
10 3 138.83768 -1125.2953 -99.199524 LeftToe
11 3 44.675144 -1118.525 -275.72195 LeftToe
12 3 -24.85057 -1120.5714 -216.49069 LeftToe
13 3 -59.29104 -1133.6129 -66.29019 LeftToe
14 3 -37.01878 -1144.3558 47.17572 LeftToe
15 3 8.25614 -1166.6135 135.88391 LeftToe
16 3 62.90801 -1193.1356 206.99564 LeftToe
17 3 103.58021 -1188.2766 291.6256 LeftToe
18 3 206.89076 -1163.4331 424.71802 LeftToe
19 3 369.87958 -1122.5564 572.37915 LeftToe
20 3 405.06473 -1063.7579 509.982 LeftToe
21 3 270.40662 -1111.3004 324.60303 LeftToe
22 3 150.01828 -1141.2568 66.119865 LeftToe
23 3 -6.5084076 -1136.1438 -164.43066 LeftToe
24 3 -65.37531 -1144.1389 -268.0444 LeftToe
25 3 -28.275768 -1146.1715 -133.04443 LeftToe
26 3 -28.345325 -1158.0005 7.6275864 LeftToe
27 3 18.20421 -1165.1785 135.04134 LeftToe
28 3 90.15791 -1160.6497 217.47281 LeftToe
29 3 117.638596 -1150.0999 284.45374 LeftToe
30 3 162.1328 -1122.838 377.01743 LeftToe
31 3 208.98582 -1100.5251 533.6587 LeftToe
32 3 259.44824 -1045.4723 670.782 LeftToe
33 3 176.95276 -1097.4387 492.7609 LeftToe
34 3 120.652916 -1129.8951 232.01663 LeftToe
35 3 33.303635 -1133.75 -36.26905 LeftToe
36 3 -45.718468 -1123.4263 -219.31775 LeftToe
37 3 -113.77684 -1133.6486 -251.59836 LeftToe
38 3 -162.20985 -1117.9731 -128.23955 LeftToe
39 3 -155.5724 -1128.1764 -6.231453 LeftToe
40 3 -115.36035 -1140.0018 97.80086 LeftToe
0 4 -103.47956 -657.23035 43.7332 RightHip
1 4 -196.54572 -574.67725 315.62646 RightHip
2 4 -195.53378 -574.66925 315.94928 RightHip
3 4 -176.44966 -608.1637 257.5852 RightHip
4 4 -141.2547 -649.4404 130.25562 RightHip
5 4 -62.196068 -653.1753 1.0643501 RightHip
6 4 -26.70121 -643.56195 -40.002373 RightHip
7 4 -32.713173 -651.1456 33.45583 RightHip
8 4 -32.308144 -648.4934 96.81888 RightHip
9 4 -44.360207 -641.37897 153.24512 RightHip
10 4 -42.33425 -628.661 200.74931 RightHip
11 4 -63.247826 -606.4041 265.16748 RightHip
12 4 -92.63526 -574.365 328.02747 RightHip
13 4 -119.86202 -569.50415 336.1549 RightHip
14 4 -127.21061 -565.12964 342.41583 RightHip
15 4 -129.09656 -597.7828 287.49933 RightHip
16 4 -110.764534 -647.13416 147.18814 RightHip
17 4 -109.94166 -655.5377 0.45658875 RightHip
18 4 -129.51901 -647.9199 -54.278793 RightHip
19 4 -98.69453 -655.89825 7.6580772 RightHip
20 4 -58.437492 -650.9821 104.83301 RightHip
21 4 -79.9529 -633.2151 198.45697 RightHip
22 4 -87.33509 -620.322 236.80553 RightHip
23 4 -105.5525 -606.73083 269.82568 RightHip
24 4 -106.22852 -583.46326 313.82092 RightHip
25 4 -108.111626 -566.2567 341.06854 RightHip
26 4 -124.48156 -563.9417 344.27307 RightHip
27 4 -125.08634 -563.56537 344.79633 RightHip
28 4 -111.15745 -606.70013 269.9998 RightHip
29 4 -119.38961 -648.2433 141.23169 RightHip
30 4 -128.75275 -656.4965 19.061811 RightHip
31 4 -107.22137 -656.1382 8.888042 RightHip
32 4 -76.08323 -653.09 99.605484 RightHip
33 4 -105.08958 -635.6711 193.59932 RightHip
34 4 -110.40122 -612.2073 257.90805 RightHip
35 4 -136.2504 -587.1932 306.4356 RightHip
36 4 -145.12271 -547.02045 366.13336 RightHip
37 4 -138.90173 -514.9731 404.63684 RightHip
38 4 -159.57086 -518.51306 398.6671 RightHip
39 4 -156.14319 -530.26196 385.68457 RightHip
40 4 -153.24625 -524.3879 392.85535 RightHip
0 5 -94.66444 -1162.2299 43.7332 RightKnee
1 5 -285.85806 -1068.6846 260.10748 RightKnee
2 5 -231.37001 -1025.4185 90.909 RightKnee
3 5 -158.53975 -947.69763 -115.9093 RightKnee
4 5 -113.83203 -893.0048 -311.3626 RightKnee
5 5 -58.065804 -900.73566 -439.16177 RightKnee
6 5 -11.062065 -984.3793 -412.42853 RightKnee
7 5 9.312416 -1046.3757 -278.1999 RightKnee
8 5 17.932198 -1067.3792 -180.87332 RightKnee
9 5 -4.69915 -1084.2876 -86.256836 RightKnee
10 5 -14.289711 -1096.2544 11.878342 RightKnee
11 5 -55.86106 -1092.1669 127.02879 RightKnee
12 5 -110.95046 -1078.4 301.27905 RightKnee
13 5 -145.07614 -1071.6182 384.61203 RightKnee
14 5 -116.376335 -1061.1045 247.58043 RightKnee
15 5 -110.560394 -1009.0867 -5.0545044 RightKnee
16 5 -103.92214 -950.13525 -256.8487 RightKnee
17 5 -144.81812 -914.33954 -431.87146 RightKnee
18 5 -214.63011 -970.22125 -433.72607 RightKnee
19 5 -141.81245 -1055.5671 -298.13257 RightKnee
20 5 -76.240105 -1077.9303 -164.42624 RightKnee
21 5 -111.705025 -1080.9143 -33.18831 RightKnee
22 5 -120.174995 -1092.6769 61.008102 RightKnee
23 5 -143.45718 -1092.0758 135.26805 RightKnee
24 5 -138.89005 -1082.8002 245.27768 RightKnee
25 5 -128.86847 -1069.4723 379.08893 RightKnee
26 5 -131.63226 -1066.9921 388.89883 RightKnee
27 5 -113.83828 -1050.2933 210.3657 RightKnee
28 5 -99.06869 -1004.9257 -40.439453 RightKnee
29 5 -136.77719 -949.34357 -263.9085 RightKnee
30 5 -183.43709 -938.638 -396.27914 RightKnee
31 5 -148.54765 -1018.05096 -340.98846 RightKnee
32 5 -73.24554 -1085.1158 -162.02 RightKnee
33 5 -123.00785 -1083.4146 -39.439224 RightKnee
34 5 -150.2847 -1075.3494 60.395966 RightKnee
35 5 -191.5758 -1060.4565 138.91492 RightKnee
36 5 -198.38586 -1035.0981 247.61961 RightKnee
37 5 -173.99022 -1017.4275 367.07837 RightKnee
38 5 -208.0805 -1014.6509 479.8852 RightKnee
39 5 -176.40974 -1030.4005 453.1603 RightKnee
40 5 -159.97447 -1018.07275 286.40234 RightKnee
0 6 -93.84202 -1209.3451 193.0908 RightFeet
1 6 -354.14276 -1081.2378 400.49207 RightFeet
2 6 -299.59137 -1099.6183 210.77745 RightFeet
3 6 -214.44577 -1068.4933 -33.37967 RightFeet
4 6 -139.62862 -1039.0294 -260.96844 RightFeet
5 6 -52.67613 -1050.2458 -392.83813 RightFeet
6 6 -7.4340763 -1097.4287 -304.10086 RightFeet
7 6 6.7777743 -1135.1462 -149.1976 RightFeet
8 6 14.293341 -1153.4995 -50.11302 RightFeet
9 6 -8.349983 -1165.4504 47.63672 RightFeet
10 6 -14.933163 -1172.7877 148.51819 RightFeet
11 6 -60.282806 -1167.8151 264.0909 RightFeet
12 6 -126.52179 -1135.4413 446.30334 RightFeet
13 6 -182.40543 -1068.7628 536.68634 RightFeet
14 6 -174.46341 -1098.8873 388.03168 RightFeet
15 6 -166.11684 -1103.0675 107.2366 RightFeet
16 6 -146.93344 -1079.7512 -180.18083 RightFeet
17 6 -181.0723 -1054.1686 -371.35956 RightFeet
18 6 -230.5028 -1105.0023 -355.55734 RightFeet
19 6 -146.98174 -1148.6141 -172.26062 RightFeet
20 6 -82.11774 -1149.4911 -25.240341 RightFeet
21 6 -120.92292 -1148.8297 107.63336 RightFeet
22 6 -124.2588 -1157.7252 203.41682 RightFeet
23 6 -152.45581 -1156.8746 277.56476 RightFeet
24 6 -150.97261 -1143.5414 389.12732 RightFeet
25 6 -155.9374 -1085.94 532.4653 RightFeet
26 6 -187.76006 -1061.148 534.9938 RightFeet
27 6 -161.2835 -1099.1252 351.4069 RightFeet
28 6 -141.44888 -1105.0973 72.24501 RightFeet
29 6 -170.25682 -1079.4175 -183.35974 RightFeet
30 6 -191.92546 -1076.5305 -322.51047 RightFeet
31 6 -148.05374 -1109.8606 -214.1068 RightFeet
32 6 -97.89151 -1145.794 -19.756332 RightFeet
33 6 -148.54413 -1140.7784 104.03723 RightFeet
34 6 -174.02702 -1130.6438 204.98865 RightFeet
35 6 -220.1555 -1116.4337 282.36517 RightFeet
36 6 -227.40973 -1086.8003 392.57727 RightFeet
37 6 -201.79611 -1070.1292 511.91473 RightFeet
38 6 -242.09384 -1026.286 632.3186 RightFeet
39 6 -237.8449 -1013.02075 596.1704 RightFeet
40 6 -192.12051 -1059.3807 434.0116 RightFeet
0 7 -93.84202 -1209.3451 271.1891 RightToe
1 7 -386.6227 -1078.8054 471.4743 RightToe
2 7 -333.20618 -1129.0223 274.84607 RightToe
3 7 -242.9022 -1121.569 16.34504 RightToe
4 7 -153.93549 -1096.9766 -210.60194 RightToe
5 7 -50.136295 -1114.3553 -348.30878 RightToe
6 7 -6.5820136 -1131.7804 -233.96825 RightToe
7 7 3.3215594 -1153.8491 -73.45067 RightToe
8 7 11.5446415 -1188.1842 19.806633 RightToe
9 7 -10.396366 -1203.4668 115.826965 RightToe
10 7 -14.852594 -1216.9657 212.92041 RightToe
11 7 -62.321968 -1211.731 328.63998 RightToe
12 7 -134.28842 -1170.5654 515.6238 RightToe
13 7 -200.07489 -1050.3726 610.50323 RightToe
14 7 -203.59503 -1104.7566 460.25525 RightToe
15 7 -194.00415 -1147.0157 165.46194 RightToe
16 7 -168.47931 -1142.9762 -139.71213 RightToe
17 7 -198.09532 -1115.5876 -326.22357 RightToe
18 7 -232.76157 -1150.435 -292.0742 RightToe
19 7 -145.62866 -1155.0177 -94.43706 RightToe
20 7 -83.82782 -1159.0546 52.25132 RightToe
21 7 -124.11853 -1164.1123 184.15509 RightToe
22 7 -125.59951 -1180.1576 278.2121 RightToe
23 7 -156.1771 -1179.0576 352.35388 RightToe
24 7 -157.03961 -1174.6743 460.4945 RightToe
25 7 -169.005 -1078.1272 609.0652 RightToe
26 7 -215.54832 -1048.0548 606.7971 RightToe
27 7 -185.01578 -1106.1824 425.47656 RightToe
28 7 -162.7984 -1145.0682 135.85214 RightToe
29 7 -186.51833 -1136.5404 -132.64603 RightToe
30 7 -192.80891 -1126.5037 -262.50012 RightToe
31 7 -144.03676 -1109.1426 -136.11517 RightToe
32 7 -108.829445 -1147.3472 57.556618 RightToe
33 7 -160.02127 -1151.9666 180.47313 RightToe
34 7 -184.72029 -1146.6681 280.67365 RightToe
35 7 -233.31992 -1135.1794 357.0287 RightToe
36 7 -242.3934 -1118.7899 462.22995 RightToe
37 7 -215.73679 -1100.9374 582.31256 RightToe
38 7 -257.32224 -1009.024 706.94745 RightToe
39 7 -265.5678 -976.80225 659.56604 RightToe
40 7 -207.34056 -1055.5668 510.51746 RightToe
0 8 1.3727 143.815 -9.8784 Spine1
1 8 12.97932 135.13217 48.5083 Spine1
2 8 13.519497 134.13876 51.051327 Spine1
3 8 10.734179 135.28014 48.6444 Spine1
4 8 6.036834 136.2051 46.839653 Spine1
5 8 -1.4250237 137.33844 43.79893 Spine1
6 8 -7.9914184 137.09912 43.842793 Spine1
7 8 -8.575826 136.30447 46.149445 Spine1
8 8 -9.345295 135.327 48.800514 Spine1
9 8 -5.963729 135.02222 50.15633 Spine1
10 8 -3.8560078 135.3568 49.455982 Spine1
11 8 1.8739202 135.73811 48.51681 Spine1
12 8 8.894069 135.81494 47.51233 Spine1
13 8 15.841767 134.56659 49.22492 Spine1
14 8 13.214158 134.47812 50.2319 Spine1
15 8 8.888196 134.7429 50.473473 Spine1
16 8 3.8078184 135.69922 48.512337 Spine1
17 8 -2.6877167 136.4045 46.57053 Spine1
18 8 -7.5454307 135.77734 47.85185 Spine1
19 8 -8.75585 133.95647 52.547318 Spine1
20 8 -5.776899 130.41374 61.164566 Spine1
21 8 -1.9615277 129.73018 62.836727 Spine1
22 8 0.8320744 132.05826 57.811302 Spine1
23 8 6.0009675 133.96454 52.91229 Spine1
24 8 10.894488 135.28293 48.601044 Spine1
25 8 14.618926 133.92172 51.317444 Spine1
26 8 15.117488 133.50914 52.23975 Spine1
27 8 12.756051 131.85133 56.87471 Spine1
28 8 7.837244 131.37276 58.838696 Spine1
29 8 3.813005 130.5521 61.023228 Spine1
30 8 -0.2671861 129.72981 62.86753 Spine1
31 8 -2.801087 127.30168 67.59184 Spine1
32 8 -3.5268571 128.11159 66.0091 Spine1
33 8 -1.1757389 127.66187 66.95734 Spine1
34 8 -3.314485 128.63106 65.0022 Spine1
35 8 -0.6913621 129.66345 63.001064 Spine1
36 8 -0.64929706 131.65384 58.728786 Spine1
37 8 -1.0296024 132.01965 57.89621 Spine1
38 8 4.477694 130.83345 60.372025 Spine1
39 8 8.716368 130.62985 60.349743 Spine1
40 8 11.09208 130.2444 60.791294 Spine1
0 9 2.0874 288.3202 -14.0231 Spine2
1 9 11.047662 265.59982 110.74901 Spine2
2 9 14.099555 263.91104 114.75581 Spine2
3 9 7.523794 267.3392 107.37717 Spine2
4 9 -0.3640585 269.05402 103.49327 Spine2
5 9 -14.494146 271.32648 96.48518 Spine2
6 9 -27.61313 270.6735 95.53723 Spine2
7 9 -30.08543 267.6797 102.51735 Spine2
8 9 -31.693325 264.80496 109.09532 Spine2
9 9 -24.830063 264.54205 111.54132 Spine2
10 9 -21.582237 265.7165 109.38571 Spine2
11 9 -10.127443 267.20602 107.4371 Spine2
12 9 4.179598 268.84186 103.91327 Spine2
13 9 20.354866 266.23935 108.73427 Spine2
14 9 16.397 265.0871 112.12384 Spine2
15 9 7.1432443 265.6491 111.79201 Spine2
16 9 -5.0620766 266.85858 108.662094 Spine2
17 9 -18.734106 267.1407 106.15248 Spine2
18 9 -29.264463 264.66156 109.63042 Spine2
19 9 -34.576614 258.37314 121.49094 Spine2
20 9 -33.318703 250.07428 137.46823 Spine2
21 9 -25.64481 249.52983 140.20978 Spine2
22 9 -18.906694 254.48746 132.11418 Spine2
23 9 -7.3724675 260.74557 121.08243 Spine2
24 9 4.0414443 265.53296 110.950134 Spine2
25 9 14.660605 264.03824 114.3185 Spine2
26 9 22.43538 262.11584 117.861374 Spine2
27 9 17.75862 258.63342 126.16191 Spine2
28 9 5.5191226 255.15045 133.49222 Spine2
29 9 -4.2958856 251.82878 139.2898 Spine2
30 9 -14.598347 247.56699 145.38092 Spine2
31 9 -21.934235 241.57103 154.05502 Spine2
32 9 -23.248398 243.32321 151.07838 Spine2
33 9 -16.540888 242.87213 152.92215 Spine2
34 9 -20.58063 246.61868 146.73495 Spine2
35 9 -15.8555355 249.32549 142.69101 Spine2
36 9 -18.025566 255.62646 131.03578 Spine2
37 9 -21.679571 255.60199 130.01022 Spine2
38 9 -10.254511 254.40955 133.93393 Spine2
39 9 -0.03746605 255.01999 133.4928 Spine2
40 9 5.6955853 255.40097 132.94499 Spine2
0 10 2.5865 396.6564 -34.188156 Neck1
1 10 4.8473973 366.71805 154.11119 Neck1
2 10 10.673393 365.8426 156.49106 Neck1
3 10 3.7804532 370.10898 146.97481 Neck1
4 10 -4.7704434 373.93137 137.03339 Neck1
5 10 -22.348106 377.23535 125.90016 Neck1
6 10 -37.92968 377.47534 120.64804 Neck1
7 10 -46.69477 373.21118 129.55165 Neck1
8 10 -51.462944 368.69717 140.066 Neck1
9 10 -41.784523 369.37396 140.97655 Neck1
10 10 -34.481674 371.3813 137.88437 Neck1
11 10 -17.107368 373.54694 135.48186 Neck1
12 10 1.8689256 376.1162 129.0228 Neck1
13 10 22.411125 372.4553 138.01839 Neck1
14 10 18.303724 371.27106 141.53381 Neck1
15 10 6.131396 371.40057 142.76328 Neck1
16 10 -10.200562 371.58228 142.57607 Neck1
17 10 -27.945858 372.12506 138.35553 Neck1
18 10 -41.603046 368.85004 143.33699 Neck1
19 10 -53.201336 360.72998 157.82016 Neck1
20 10 -58.746674 350.96188 173.78249 Neck1
21 10 -48.88452 350.7843 176.96655 Neck1
22 10 -41.254745 356.4537 167.42792 Neck1
23 10 -27.92093 364.48767 152.04942 Neck1
24 10 -14.831789 370.98105 136.7981 Neck1
25 10 -0.5588312 371.14905 135.27693 Neck1
26 10 18.606625 370.37823 138.06548 Neck1
27 10 13.984579 367.01004 145.75488 Neck1
28 10 -2.487286 362.90076 155.15727 Neck1
29 10 -12.200249 356.98615 171.2752 Neck1
30 10 -26.259827 351.12158 181.21481 Neck1
31 10 -38.771194 343.72943 191.78813 Neck1
32 10 -38.94057 346.2571 187.16139 Neck1
33 10 -27.1563 346.50323 188.85997 Neck1
34 10 -31.978477 350.57468 181.47476 Neck1
35 10 -26.52507 354.34915 174.31071 Neck1
36 10 -32.13978 361.6063 157.73195 Neck1
37 10 -40.831795 361.93805 151.67697 Neck1
38 10 -27.253233 361.21207 155.0971 Neck1
39 10 -13.786461 362.7293 152.28856 Neck1
40 10 -7.516343 363.26703 151.21986 Neck1
0 11 4.9868 506.0799 -31.645794 Neck2
1 11 -17.640562 441.1147 231.21608 Neck2
2 11 -7.8967285 440.8429 234.05287 Neck2
3 11 -14.271421 446.03357 223.75577 Neck2
4 11 -24.924675 454.2085 208.69315 Neck2
5 11 -45.642105 459.0745 194.78755 Neck2
6 11 -59.06992 461.6589 187.37096 Neck2
7 11 -65.52164 458.05103 196.13605 Neck2
8 11 -71.71677 449.65076 210.93225 Neck2
9 11 -61.158348 450.77765 211.57272 Neck2
10 11 -53.69598 453.01495 208.25826 Neck2
11 11 -34.323364 455.36722 206.15564 Neck2
12 11 -14.850487 461.85696 195.01303 Neck2
13 11 7.79982 458.87732 203.61923 Neck2
14 11 6.0031385 456.87006 208.66977 Neck2
15 11 -9.252541 456.6078 209.76172 Neck2
16 11 -32.28317 455.57614 209.23277 Neck2
17 11 -51.415924 455.5573 205.24307 Neck2
18 11 -60.293682 452.37778 211.59756 Neck2
19 11 -71.412766 444.71338 225.64981 Neck2
20 11 -76.98073 433.29855 243.59598 Neck2
21 11 -64.92634 435.0004 245.05502 Neck2
22 11 -55.27685 442.72598 233.35364 Neck2
23 11 -40.42672 454.48245 213.12541 Neck2
24 11 -27.683865 464.06708 192.97232 Neck2
25 11 -15.009477 468.11072 184.01437 Neck2
26 11 13.589443 469.58478 184.09392 Neck2
27 11 11.503707 467.1496 189.93234 Neck2
28 11 -9.955225 462.97137 198.9274 Neck2
29 11 -20.344337 455.70117 217.90938 Neck2
30 11 -34.266 449.802 227.946 Neck2
31 11 -48.326977 442.85654 237.26595 Neck2
32 11 -51.758873 445.7284 231.05768 Neck2
33 11 -34.623104 446.37595 233.08008 Neck2
34 11 -38.567184 450.5276 225.65321 Neck2
35 11 -30.094193 455.10428 216.9885 Neck2
36 11 -36.902576 463.12448 198.4395 Neck2
37 11 -49.54117 463.8895 190.60999 Neck2
38 11 -35.321175 463.41455 193.50665 Neck2
39 11 -17.860664 464.81818 191.62039 Neck2
40 11 -10.238277 465.61478 189.9917 Neck2
0 12 5.9003 616.4796 -3.8232117 Head
1 12 -53.53234 498.49646 322.77017 Head
2 12 -39.479397 498.58304 326.95953 Head
3 12 -45.44864 504.94205 316.064 Head
4 12 -58.120995 517.4905 297.32968 Head
5 12 -80.96184 523.6162 281.67783 Head
6 12 -90.02351 528.7809 273.97092 Head
7 12 -89.79184 527.308 283.18472 Head
8 12 -95.76602 513.738 301.913 Head
9 12 -85.34516 514.5028 302.77106 Head
10 12 -80.269485 516.3115 299.09012 Head
11 12 -61.651146 518.2431 297.05588 Head
12 12 -44.339134 530.64996 280.80917 Head
13 12 -20.4755 530.49805 287.48825 Head
14 12 -18.700066 526.854 295.0123 Head
15 12 -36.951607 526.8265 294.99744 Head
16 12 -67.57251 524.7246 292.51654 Head
17 12 -86.51596 522.9717 290.0153 Head
18 12 -86.99807 520.6945 298.67645 Head
19 12 -94.494354 514.56885 312.54337 Head
20 12 -97.06227 500.4349 333.33157 Head
21 12 -83.62694 505.5026 332.47794 Head
22 12 -71.56447 516.1207 318.85782 Head
23 12 -55.802666 533.35187 293.78668 Head
24 12 -44.060238 547.1988 269.02472 Head
25 12 -34.31148 556.875 252.65384 Head
26 12 3.77425 561.3189 250.81378 Head
27 12 5.3213105 560.4628 254.87433 Head
28 12 -21.299011 556.0052 263.573 Head
29 12 -32.96197 548.8369 282.17108 Head
30 12 -44.64428 543.5602 291.70123 Head
31 12 -58.585052 537.9466 299.03717 Head
32 12 -67.292404 541.0294 291.38562 Head
33 12 -45.398117 542.02216 293.89737 Head
34 12 -48.38617 546.5612 286.02014 Head
35 12 -36.9324 552.03107 276.33044 Head
36 12 -44.505993 560.97516 256.14978 Head
37 12 -60.609398 561.3277 248.45746 Head
38 12 -45.912464 561.164 250.91666 Head
39 12 -23.957136 561.6192 251.24783 Head
40 12 -14.516952 563.03503 248.76257 Head
0 13 250.0309 351.6254 -26.1779 LeftClavicle
1 13 243.53796 357.21466 167.19595 LeftClavicle
2 13 249.5987 348.98993 168.91302 LeftClavicle
3 13 240.3323 359.73798 161.17232 LeftClavicle
4 13 233.44498 360.61792 154.29332 LeftClavicle
5 13 218.07455 366.5984 146.14734 LeftClavicle
6 13 202.91867 371.72827 143.22672 LeftClavicle
7 13 198.41556 372.3073 152.23273 LeftClavicle
8 13 196.56244 369.73904 159.28908 LeftClavicle
9 13 204.9406 366.98743 159.93199 LeftClavicle
10 13 207.72418 371.69116 152.0378 LeftClavicle
11 13 221.39297 369.88394 145.9963 LeftClavicle
12 13 237.71736 364.38104 148.22629 LeftClavicle
13 13 258.73306 346.85236 156.78253 LeftClavicle
14 13 256.0197 342.4036 159.39296 LeftClavicle
15 13 244.52344 348.13477 161.57166 LeftClavicle
16 13 227.66321 358.90204 163.418 LeftClavicle
17 13 211.49037 367.53564 156.63808 LeftClavicle
18 13 198.4607 376.72122 144.48929 LeftClavicle
19 13 186.95119 381.1172 160.09933 LeftClavicle
20 13 180.92996 383.72406 180.67128 LeftClavicle
21 13 191.04338 376.71823 190.21587 LeftClavicle
22 13 200.07431 375.83612 186.45648 LeftClavicle
23 13 214.45308 367.04877 192.66681 LeftClavicle
24 13 227.89662 360.6323 191.42523 LeftClavicle
25 13 244.59375 348.19244 189.6848 LeftClavicle
26 13 265.0025 327.79922 167.64226 LeftClavicle
27 13 260.61478 328.67432 167.95232 LeftClavicle
28 13 244.66048 339.4663 170.00955 LeftClavicle
29 13 230.43149 351.19528 164.99248 LeftClavicle
30 13 209.94044 370.8733 148.40752 LeftClavicle
31 13 196.33904 375.6701 156.39676 LeftClavicle
32 13 196.29167 375.18826 157.78859 LeftClavicle
33 13 210.27708 360.92374 168.69206 LeftClavicle
34 13 207.53462 361.28156 167.88048 LeftClavicle
35 13 213.20578 359.09857 176.03845 LeftClavicle
36 13 207.65991 370.9272 168.49358 LeftClavicle
37 13 198.27489 381.35294 167.93138 LeftClavicle
38 13 214.18399 373.22086 167.73471 LeftClavicle
39 13 229.325 362.9391 170.60876 LeftClavicle
40 13 237.05655 353.84735 182.05391 LeftClavicle
0 14 587.2757 304.22876 -26.1779 LeftHumerus
1 14 326.13483 91.60095 -29.292267 LeftHumerus
2 14 322.06348 89.08392 -38.880615 LeftHumerus
3 14 317.71207 101.52496 -46.959625 LeftHumerus
4 14 326.33246 99.31802 -43.380142 LeftHumerus
5 14 319.03778 100.83588 -41.355164 LeftHumerus
6 14 297.54578 101.22104 -40.762573 LeftHumerus
7 14 277.66827 108.27609 -47.734863 LeftHumerus
8 14 278.1943 111.59021 -47.292343 LeftHumerus
9 14 286.55286 103.60202 -39.93817 LeftHumerus
10 14 295.4143 101.03247 -35.138016 LeftHumerus
11 14 306.0546 88.84946 -26.724716 LeftHumerus
12 14 318.39163 74.66568 -11.577225 LeftHumerus
13 14 333.63858 59.699677 -10.289322 LeftHumerus
14 14 330.24634 64.8309 -23.430145 LeftHumerus
15 14 319.7326 78.85022 -32.876007 LeftHumerus
16 14 318.25992 103.2626 -42.54605 LeftHumerus
17 14 300.4752 123.5423 -63.655884 LeftHumerus
18 14 266.0942 129.67105 -79.948746 LeftHumerus
19 14 264.2177 133.63187 -60.720474 LeftHumerus
20 14 272.4631 145.86536 -45.216736 LeftHumerus
21 14 277.26813 134.35103 -32.95215 LeftHumerus
22 14 291.14383 138.78217 -40.462585 LeftHumerus
23 14 313.31256 132.20905 -33.29248 LeftHumerus
24 14 330.02606 113.319916 -19.256165 LeftHumerus
25 14 348.05518 80.29962 6.6283417 LeftHumerus
26 14 339.77905 44.8981 -6.5871887 LeftHumerus
27 14 319.27576 49.65854 -18.299088 LeftHumerus
28 14 321.7397 76.95044 -32.782654 LeftHumerus
29 14 317.5183 100.875626 -48.868378 LeftHumerus
30 14 295.30292 132.2125 -79.04521 LeftHumerus
31 14 272.07974 147.29002 -84.614365 LeftHumerus
32 14 263.48676 149.07675 -87.851135 LeftHumerus
33 14 254.69666 138.41026 -85.26689 LeftHumerus
34 14 252.76903 134.46819 -82.09958 LeftHumerus
35 14 271.17563 127.99457 -67.294525 LeftHumerus
36 14 281.88193 125.3179 -55.443176 LeftHumerus
37 14 291.3205 123.42911 -34.05458 LeftHumerus
38 14 306.15295 108.17853 -25.332031 LeftHumerus
39 14 307.727 107.04341 -39.98799 LeftHumerus
40 14 306.02777 105.36551 -40.387604 LeftHumerus
0 15 819.87756 271.53873 -26.1779 LeftRadius
1 15 377.58505 -127.869934 36.720512 LeftRadius
2 15 385.14096 -134.94382 -7.1779633 LeftRadius
3 15 397.4063 -118.70235 -29.042522 LeftRadius
4 15 419.473 -113.81697 -10.660179 LeftRadius
5 15 427.8618 -98.45 18.767612 LeftRadius
6 15 412.93768 -84.52467 45.001755 LeftRadius
7 15 384.4427 -78.83223 45.870567 LeftRadius
8 15 363.82816 -89.00258 39.894966 LeftRadius
9 15 354.3922 -103.09781 48.635376 LeftRadius
10 15 355.39886 -102.84927 64.89372 LeftRadius
11 15 362.1597 -111.81903 81.70337 LeftRadius
12 15 367.72366 -121.26729 108.20963 LeftRadius
13 15 379.56616 -144.28708 96.72625 LeftRadius
14 15 391.02905 -149.19868 51.863083 LeftRadius
15 15 398.599 -136.89566 16.17574 LeftRadius
16 15 407.3938 -109.73074 0.59619904 LeftRadius
17 15 398.7856 -85.30737 -20.19173 LeftRadius
18 15 376.5129 -74.98602 -46.85101 LeftRadius
19 15 367.75464 -74.59927 -27.672546 LeftRadius
20 15 367.62952 -63.34532 3.2240028 LeftRadius
21 15 365.1705 -74.31166 29.540558 LeftRadius
22 15 378.43826 -71.62041 16.832397 LeftRadius
23 15 396.40167 -81.33446 18.356728 LeftRadius
24 15 412.88724 -99.0179 37.47965 LeftRadius
25 15 422.62213 -127.84639 85.92064 LeftRadius
26 15 407.5605 -159.54823 87.1125 LeftRadius
27 15 386.06036 -153.76514 78.297516 LeftRadius
28 15 383.7014 -130.8238 57.566 LeftRadius
29 15 392.50394 -107.076706 30.537247 LeftRadius
30 15 403.6987 -66.3206 -15.742504 LeftRadius
31 15 402.96863 -42.627655 -40.21114 LeftRadius
32 15 389.40576 -47.02231 -58.494022 LeftRadius
33 15 367.25333 -67.264755 -71.08778 LeftRadius
34 15 356.5996 -75.958725 -71.516884 LeftRadius
35 15 359.07175 -88.96889 -47.97104 LeftRadius
36 15 363.57312 -88.892044 -4.3264503 LeftRadius
37 15 367.9654 -84.028595 45.06009 LeftRadius
38 15 378.59973 -93.47447 70.89582 LeftRadius
39 15 393.17603 -98.859314 34.0038 LeftRadius
40 15 394.22952 -111.49367 -21.287537 LeftRadius
0 16 865.70905 265.09753 -26.1779 LeftWrist
1 16 408.93927 -158.11174 21.088482 LeftWrist
2 16 414.81317 -161.20706 -31.090618 LeftWrist
3 16 425.76642 -141.90761 -57.313232 LeftWrist
4 16 448.6079 -137.36636 -37.837303 LeftWrist
5 16 458.0587 -123.09378 -6.189245 LeftWrist
6 16 445.15884 -110.37082 24.126213 LeftWrist
7 16 416.4551 -106.054924 26.476135 LeftWrist
8 16 396.95996 -117.92563 25.481308 LeftWrist
9 16 386.68262 -133.02676 34.36644 LeftWrist
10 16 387.847 -133.88248 53.66546 LeftWrist
11 16 394.58545 -143.42186 72.11973 LeftWrist
12 16 399.73853 -153.77908 100.460754 LeftWrist
13 16 410.39062 -177.20384 86.317024 LeftWrist
14 16 422.07257 -179.37778 35.506573 LeftWrist
15 16 429.18362 -161.96448 -7.868971 LeftWrist
16 16 437.6242 -133.55841 -25.101624 LeftWrist
17 16 428.9704 -108.78162 -46.2657 LeftWrist
18 16 403.81454 -97.927605 -76.35216 LeftWrist
19 16 397.78894 -96.7016 -55.084972 LeftWrist
20 16 403.0725 -87.8039 -13.734371 LeftWrist
21 16 396.995 -101.73411 10.118275 LeftWrist
22 16 409.9749 -99.096695 -2.979391 LeftWrist
23 16 428.6766 -107.40398 -2.1547852 LeftWrist
24 16 445.7808 -125.04761 17.922504 LeftWrist
25 16 456.33258 -155.50073 70.40111 LeftWrist
26 16 439.20563 -190.4512 73.48876 LeftWrist
27 16 416.27435 -185.95798 64.41414 LeftWrist
28 16 414.90668 -163.09608 46.30795 LeftWrist
29 16 425.06668 -136.45 15.742265 LeftWrist
30 16 436.17285 -90.638306 -38.01561 LeftWrist
31 16 433.61212 -62.230087 -68.82466 LeftWrist
32 16 418.88196 -67.36313 -87.80985 LeftWrist
33 16 394.16745 -89.27408 -101.63664 LeftWrist
34 16 382.9336 -97.96749 -102.56764 LeftWrist
35 16 388.6218 -113.015755 -74.24948 LeftWrist
36 16 395.19244 -114.90842 -25.899124 LeftWrist
37 16 401.00705 -113.4838 31.54515 LeftWrist
38 16 411.41684 -124.569176 60.987675 LeftWrist
39 16 423.91913 -127.45861 14.537035 LeftWrist
40 16 421.46924 -134.82068 -50.542664 LeftWrist
0 17 902.6601 259.90442 -26.1779 LeftHand
1 17 430.7388 -184.43304 6.1112022 LeftHand
2 17 435.0191 -184.0718 -52.567883 LeftHand
3 17 444.80182 -162.44656 -81.974014 LeftHand
4 17 468.34796 -158.53403 -61.38746 LeftHand
5 17 478.83466 -145.72801 -27.364687 LeftHand
6 17 467.76602 -134.31012 6.571289 LeftHand
7 17 438.81525 -130.99554 10.034145 LeftHand
8 17 420.24222 -143.87701 12.184284 LeftHand
9 17 409.2419 -159.53085 20.914248 LeftHand
10 17 410.60187 -161.29413 42.56744 LeftHand
11 17 417.3226 -171.38911 62.465496 LeftHand
12 17 422.11792 -182.5289 92.40104 LeftHand
13 17 431.69696 -206.06114 76.03865 LeftHand
14 17 443.51163 -205.90054 20.365276 LeftHand
15 17 450.1837 -184.40585 -29.028637 LeftHand
16 17 458.32623 -155.04184 -47.512295 LeftHand
17 17 449.67258 -130.19113 -68.746826 LeftHand
18 17 422.13858 -119.092606 -101.02242 LeftHand
19 17 418.37674 -116.99533 -78.67853 LeftHand
20 17 428.48428 -109.85799 -29.86533 LeftHand
21 17 419.0964 -126.35688 -7.132717 LeftHand
22 17 431.81726 -123.61499 -20.702662 LeftHand
23 17 451.18143 -130.70438 -20.674341 LeftHand
24 17 468.84042 -148.46683 0.25493813 LeftHand
25 17 480.1474 -180.31253 55.92427 LeftHand
26 17 461.15707 -217.89986 60.95664 LeftHand
27 17 436.94415 -214.39445 51.9051 LeftHand
28 17 436.51947 -191.50508 35.43756 LeftHand
29 17 447.85638 -162.56102 1.9149857 LeftHand
30 17 458.91577 -113.04128 -57.334377 LeftHand
31 17 455.0556 -81.219376 -92.73977 LeftHand
32 17 439.22873 -86.76478 -112.3442 LeftHand
33 17 412.16528 -109.65458 -127.19173 LeftHand
34 17 400.3629 -118.13936 -128.67635 LeftHand
35 17 408.7126 -134.52696 -97.18368 LeftHand
36 17 417.1086 -138.13704 -45.198406 LeftHand
37 17 424.23642 -139.72897 18.741356 LeftHand
38 17 434.46683 -152.24808 51.24472 LeftHand
39 17 445.06384 -153.0657 -2.4784412 LeftHand
40 17 439.58725 -155.83508 -75.49223 LeftHand
0 18 857.3929 266.2663 11.706099 LeftFinger
1 18 389.8295 -177.10074 19.492779 LeftFinger
2 18 396.03094 -180.46555 -33.246613 LeftFinger
3 18 408.04562 -162.23193 -58.40873 LeftFinger
4 18 432.10794 -158.70682 -37.035458 LeftFinger
5 18 443.93924 -145.5276 -1.1222649 LeftFinger
6 18 432.29172 -132.75557 31.97885 LeftFinger
7 18 402.54565 -127.87412 34.141525 LeftFinger
8 18 380.15958 -138.79358 28.735435 LeftFinger
9 18 368.73282 -153.1212 35.891678 LeftFinger
10 18 369.4537 -153.58762 54.97029 LeftFinger
11 18 376.16364 -163.01265 74.38914 LeftFinger
12 18 381.03 -172.96458 103.65724 LeftFinger
13 18 391.16318 -195.98279 88.760185 LeftFinger
14 18 403.59308 -199.01169 36.65773 LeftFinger
15 18 412.43707 -183.11394 -7.121727 LeftFinger
16 18 421.38345 -155.09454 -24.23943 LeftFinger
17 18 413.7182 -130.92831 -43.985443 LeftFinger
18 18 390.01355 -120.60387 -71.49121 LeftFinger
19 18 382.84692 -119.11076 -53.389153 LeftFinger
20 18 387.02658 -109.36495 -16.175522 LeftFinger
21 18 380.5374 -122.91902 13.060947 LeftFinger
22 18 392.95963 -119.96212 -1.1287651 LeftFinger
23 18 411.78384 -128.4496 -1.9889336 LeftFinger
24 18 429.38223 -146.46138 18.840288 LeftFinger
25 18 439.5728 -176.61774 71.622986 LeftFinger
26 18 421.51715 -210.40271 77.655914 LeftFinger
27 18 398.2534 -205.26517 69.96262 LeftFinger
28 18 396.13983 -182.2667 49.2408 LeftFinger
29 18 407.47665 -156.84076 17.508423 LeftFinger
30 18 421.8819 -113.2121 -34.20739 LeftFinger
31 18 423.087 -86.49715 -63.47295 LeftFinger
32 18 407.2294 -91.2199 -82.97429 LeftFinger
33 18 380.3979 -112.082306 -97.33661 LeftFinger
34 18 368.09634 -120.27757 -99.33878 LeftFinger
35 18 371.76773 -134.09045 -73.91808 LeftFinger
36 18 378.23013 -135.89394 -25.45436 LeftFinger
37 18 383.53137 -133.9606 33.445976 LeftFinger
38 18 393.5362 -144.50519 64.326065 LeftFinger
39 18 407.43744 -148.32263 19.158407 LeftFinger
40 18 405.22415 -156.2793 -48.559505 LeftFinger
0 19 -242.774 341.516 -36.8543 RightClavicle
1 19 -232.95866 295.09082 56.903175 RightClavicle
2 19 -229.31165 300.24094 62.41751 RightClavicle
3 19 -235.59679 296.10693 49.29997 RightClavicle
4 19 -243.8286 298.66693 47.312714 RightClavicle
5 19 -258.0256 296.96466 38.664078 RightClavicle
6 19 -271.76688 290.12622 37.92894 RightClavicle
7 19 -275.3006 283.49857 48.411545 RightClavicle
8 19 -277.62375 280.2584 58.226936 RightClavicle
9 19 -270.924 282.67426 62.376816 RightClavicle
10 19 -268.61597 280.0883 63.82316 RightClavicle
11 19 -257.48883 285.11053 65.0114 RightClavicle
12 19 -240.76697 294.2258 52.289604 RightClavicle
13 19 -222.43973 307.16806 56.92905 RightClavicle
14 19 -226.6433 309.40173 64.41861 RightClavicle
15 19 -236.01808 304.6932 60.252914 RightClavicle
16 19 -248.69942 296.00128 52.98697 RightClavicle
17 19 -264.5729 287.41638 56.550602 RightClavicle
18 19 -278.729 272.28745 77.73312 RightClavicle
19 19 -284.53302 253.49968 93.0972 RightClavicle
20 19 -282.48468 232.24945 107.35595 RightClavicle
21 19 -274.25992 239.06554 102.93775 RightClavicle
22 19 -267.01318 250.59973 90.44606 RightClavicle
23 19 -250.49557 273.96674 57.64334 RightClavicle
24 19 -234.1285 291.21756 33.985558 RightClavicle
25 19 -222.71191 301.33417 39.676292 RightClavicle
26 19 -218.60739 318.03122 72.25428 RightClavicle
27 19 -225.6485 310.19385 88.70964 RightClavicle
28 19 -242.2407 291.60092 109.10798 RightClavicle
29 19 -254.91315 272.01678 129.71906 RightClavicle
30 19 -265.3962 240.99214 164.49538 RightClavicle
31 19 -271.77472 222.28375 176.7683 RightClavicle
32 19 -273.6801 226.59764 168.75275 RightClavicle
33 19 -267.97464 241.31387 162.2395 RightClavicle
34 19 -272.16342 249.8094 144.7156 RightClavicle
35 19 -266.73328 258.14603 125.64075 RightClavicle
36 19 -267.79037 259.3779 100.842285 RightClavicle
37 19 -271.3576 247.58388 99.930786 RightClavicle
38 19 -260.52432 254.24492 107.9887 RightClavicle
39 19 -249.56961 266.88736 103.47566 RightClavicle
40 19 -240.99425 277.56854 88.66304 RightClavicle
0 20 -591.2041 292.54736 -36.8543 RightHumerus
1 20 -222.58334 -34.522095 -65.77179 RightHumerus
2 20 -229.51576 -29.15332 -61.27896 RightHumerus
3 20 -290.81415 -31.656342 -66.12845 RightHumerus
4 20 -352.2146 -10.268066 -81.57907 RightHumerus
5 20 -410.76056 13.782623 -103.74875 RightHumerus
6 20 -452.08185 28.743622 -113.620056 RightHumerus
7 20 -488.41974 45.674118 -99.30859 RightHumerus
8 20 -481.84656 43.712784 -103.453865 RightHumerus
9 20 -440.9793 26.014221 -107.94133 RightHumerus
10 20 -389.73654 -17.7518 -79.08427 RightHumerus
11 20 -335.4781 -40.91223 -41.891846 RightHumerus
12 20 -292.1702 -40.587494 -42.890373 RightHumerus
13 20 -298.852 -20.492981 -46.031467 RightHumerus
14 20 -334.59485 -2.391449 -57.781647 RightHumerus
15 20 -324.1958 5.5193787 -102.60019 RightHumerus
16 20 -261.14575 1.9128723 -139.77853 RightHumerus
17 20 -249.05966 -2.1139832 -142.78065 RightHumerus
18 20 -279.55972 -25.57312 -109.56308 RightHumerus
19 20 -312.66595 -80.43202 -14.139076 RightHumerus
20 20 -301.05298 -114.882416 52.9856 RightHumerus
21 20 -263.35944 -100.02904 9.677483 RightHumerus
22 20 -216.72662 -68.928345 -48.02597 RightHumerus
23 20 -188.65936 -25.359497 -116.65967 RightHumerus
24 20 -219.864 -12.578522 -142.94916 RightHumerus
25 20 -293.2785 -0.5722046 -126.67982 RightHumerus
26 20 -359.3197 37.01883 -85.96555 RightHumerus
27 20 -373.26123 25.707245 -56.477524 RightHumerus
28 20 -346.93942 -14.385071 -29.499962 RightHumerus
29 20 -339.58798 -56.154327 35.191963 RightHumerus
30 20 -324.0617 -101.13573 106.97742 RightHumerus
31 20 -314.11267 -123.58032 127.91168 RightHumerus
32 20 -339.47238 -117.69548 138.17369 RightHumerus
33 20 -401.22797 -82.97119 132.50388 RightHumerus
34 20 -423.36597 -63.342453 91.09523 RightHumerus
35 20 -387.3412 -56.14911 23.299332 RightHumerus
36 20 -335.39612 -62.139343 -25.084633 RightHumerus
37 20 -329.19028 -94.15425 39.33449 RightHumerus
38 20 -294.60593 -88.288345 35.113052 RightHumerus
39 20 -228.87546 -63.667603 -15.295593 RightHumerus
40 20 -196.76753 -23.451782 -88.06326 RightHumerus
0 21 -824.41394 259.77188 -36.8543 RightRadius
1 21 -399.88245 -189.49907 -62.906467 RightRadius
2 21 -433.40405 -146.9627 -64.67874 RightRadius
3 21 -508.8827 -114.805305 -97.64676 RightRadius
4 21 -584.1237 -10.977528 -122.550964 RightRadius
5 21 -624.91113 106.61232 -135.10487 RightRadius
6 21 -605.1074 204.443 -79.35739 RightRadius
7 21 -539.1185 240.48131 22.92421 RightRadius
8 21 -468.31894 158.1005 101.9567 RightRadius
9 21 -416.11462 13.961687 125.93378 RightRadius
10 21 -381.05255 -143.73013 119.69976 RightRadius
11 21 -370.2695 -233.17351 89.58516 RightRadius
12 21 -388.01035 -232.14323 54.997902 RightRadius
13 21 -432.34372 -186.98312 53.577946 RightRadius
14 21 -463.67883 -139.04778 84.07539 RightRadius
15 21 -455.80667 -95.1797 64.72974 RightRadius
16 21 -435.95245 -57.469776 6.4314423 RightRadius
17 21 -446.16846 -49.190475 -22.809982 RightRadius
18 21 -446.60413 -139.10526 11.546989 RightRadius
19 21 -419.88586 -277.31082 57.997528 RightRadius
20 21 -387.0036 -333.76843 65.73058 RightRadius
21 21 -380.42874 -302.81866 34.821014 RightRadius
22 21 -387.55432 -228.65381 -20.336494 RightRadius
23 21 -407.8089 -110.04561 -100.449615 RightRadius
24 21 -454.80112 -10.098177 -126.84231 RightRadius
25 21 -510.57358 79.519196 -83.910164 RightRadius
26 21 -540.9157 127.868744 33.324898 RightRadius
27 21 -523.5705 45.385956 123.74707 RightRadius
28 21 -478.48138 -108.92491 141.4385 RightRadius
29 21 -450.2718 -237.39822 136.97995 RightRadius
30 21 -416.31464 -310.25177 163.73064 RightRadius
31 21 -403.87732 -316.8211 228.21793 RightRadius
32 21 -439.5031 -267.1917 290.1795 RightRadius
33 21 -500.99127 -176.48703 324.24097 RightRadius
34 21 -528.68353 -101.83963 298.18753 RightRadius
35 21 -513.6402 -85.35848 219.91165 RightRadius
36 21 -472.32336 -180.10983 125.89533 RightRadius
37 21 -454.0428 -290.30917 76.699776 RightRadius
38 21 -419.96332 -287.65036 33.94784 RightRadius
39 21 -384.3069 -238.7095 10.442379 RightRadius
40 21 -375.76453 -176.26062 -79.66242 RightRadius
0 22 -875.04504 252.65614 -36.8543 RightWrist
1 22 -426.64655 -231.14377 -75.69499 RightWrist
2 22 -468.94458 -182.58966 -73.71945 RightWrist
3 22 -556.0075 -134.52322 -95.501686 RightWrist
4 22 -634.80585 -11.376159 -115.81997 RightWrist
5 22 -670.3901 125.849205 -121.847824 RightWrist
6 22 -636.10474 238.87656 -57.732407 RightWrist
7 22 -548.7441 273.32462 60.908558 RightWrist
8 22 -462.4815 173.57663 150.33601 RightWrist
9 22 -408.0042 8.936476 176.16438 RightWrist
10 22 -377.93948 -172.35509 161.94978 RightWrist
11 22 -376.77866 -277.59088 114.05702 RightWrist
12 22 -410.69305 -270.30298 80.364655 RightWrist
13 22 -464.70547 -207.77037 87.26401 RightWrist
14 22 -491.1337 -154.56268 124.32041 RightWrist
15 22 -482.41864 -106.07341 107.005905 RightWrist
16 22 -474.20392 -56.567516 40.34536 RightWrist
17 22 -486.30707 -38.99762 7.175705 RightWrist
18 22 -481.7661 -131.98648 47.976387 RightWrist
19 22 -450.7311 -306.71457 86.248825 RightWrist
20 22 -413.7857 -377.256 63.344913 RightWrist
21 22 -415.33206 -339.21017 26.361683 RightWrist
22 22 -426.7307 -257.99243 -35.121567 RightWrist
23 22 -454.24667 -129.15784 -110.06199 RightWrist
24 22 -505.8926 -11.800282 -125.89025 RightWrist
25 22 -556.73865 93.313866 -66.8036 RightWrist
26 22 -575.8123 142.6748 67.63454 RightWrist
27 22 -550.18835 53.076294 166.71786 RightWrist
28 22 -508.88248 -111.627365 182.45819 RightWrist
29 22 -474.68484 -265.99222 171.62862 RightWrist
30 22 -439.8924 -349.17413 187.03905 RightWrist
31 22 -428.05197 -346.68134 261.9536 RightWrist
32 22 -461.51862 -287.43054 331.65057 RightWrist
33 22 -521.22394 -194.09746 367.76862 RightWrist
34 22 -552.5204 -109.88355 342.6987 RightWrist
35 22 -539.28 -86.323 264.13623 RightWrist
36 22 -501.61404 -185.22742 167.48874 RightWrist
37 22 -489.28702 -325.9691 86.71773 RightWrist
38 22 -451.17355 -324.64072 17.462095 RightWrist
39 22 -418.41885 -274.30972 -3.0905294 RightWrist
40 22 -408.79382 -213.78262 -90.40056 RightWrist
0 23 -915.8648 246.91931 -36.8543 RightHand
1 23 -449.44568 -265.06668 -81.04258 RightHand
2 23 -499.15414 -210.52592 -76.191444 RightHand
3 23 -594.1044 -148.81706 -88.90799 RightHand
4 23 -674.6991 -10.686008 -105.465576 RightHand
5 23 -705.5411 140.74786 -106.304405 RightHand
6 23 -660.1104 264.2673 -35.864647 RightHand
7 23 -557.27386 295.6806 94.47365 RightHand
8 23 -459.13235 181.30147 190.68788 RightHand
9 23 -402.14264 -0.14173889 215.94366 RightHand
10 23 -375.45245 -199.48776 192.8819 RightHand
11 23 -380.1674 -315.63205 129.5667 RightHand
12 23 -425.4933 -304.14368 98.66555 RightHand
13 23 -488.38007 -228.95718 113.52797 RightHand
14 23 -511.736 -171.81291 155.57962 RightHand
15 23 -503.2208 -119.78255 139.84631 RightHand
16 23 -505.19913 -60.9339 67.166885 RightHand
17 23 -519.21326 -35.853466 31.802082 RightHand
18 23 -509.74072 -131.27693 78.243195 RightHand
19 23 -472.71735 -334.36688 107.48836 RightHand
20 23 -431.10974 -414.65833 63.015434 RightHand
21 23 -440.96243 -371.3229 23.042276 RightHand
22 23 -457.83118 -284.01382 -42.524933 RightHand
23 23 -491.75522 -146.01675 -112.899025 RightHand
24 23 -546.63043 -14.4471445 -120.18181 RightHand
25 23 -592.8348 101.77043 -48.783623 RightHand
26 23 -603.2928 150.01888 97.46825 RightHand
27 23 -571.2951 54.220425 202.10654 RightHand
28 23 -533.04456 -118.894966 215.0548 RightHand
29 23 -492.36148 -293.1004 197.15988 RightHand
30 23 -455.74182 -383.619 203.2103 RightHand
31 23 -444.6686 -374.58783 287.33624 RightHand
32 23 -477.27588 -308.21686 363.5692 RightHand
33 23 -536.7265 -212.98524 400.96628 RightHand
34 23 -571.3728 -121.36448 377.51157 RightHand
35 23 -559.4686 -92.196625 299.5916 RightHand
36 23 -523.692 -194.23927 201.11183 RightHand
37 23 -513.8066 -358.03476 95.06916 RightHand
38 23 -474.61136 -357.23688 8.117386 RightHand
39 23 -445.49356 -304.78317 -9.213508 RightHand
40 23 -435.58542 -244.90065 -94.01168 RightHand
0 24 -865.8569 253.94746 4.995899 RightFinger
1 24 -445.97455 -225.47054 -53.716827 RightFinger
2 24 -487.48294 -168.8938 -54.81059 RightFinger
3 24 -563.8234 -113.68418 -75.66633 RightFinger
4 24 -632.0597 8.705454 -93.957214 RightFinger
5 24 -658.27527 137.53043 -97.23955 RightFinger
6 24 -620.1801 237.40982 -32.571926 RightFinger
7 24 -538.0338 253.67847 80.60902 RightFinger
8 24 -454.37125 145.98283 158.18396 RightFinger
9 24 -396.11066 -18.00828 171.54784 RightFinger
10 24 -362.64655 -193.00403 146.8324 RightFinger
11 24 -353.48407 -289.07062 99.415794 RightFinger
12 24 -384.5717 -284.54022 82.30374 RightFinger
13 24 -443.78973 -227.47879 95.19487 RightFinger
14 24 -472.04846 -177.04854 128.67104 RightFinger
15 24 -466.967 -131.36653 110.21421 RightFinger
16 24 -466.06635 -83.48741 50.23914 RightFinger
17 24 -481.0882 -63.94516 22.640953 RightFinger
18 24 -469.86642 -154.2649 63.81485 RightFinger
19 24 -428.08817 -325.3671 91.55638 RightFinger
20 24 -397.6729 -388.41107 85.81108 RightFinger
21 24 -412.72305 -348.285 54.639385 RightFinger
22 24 -435.35806 -260.78345 -6.72151 RightFinger
23 24 -462.3665 -123.579025 -81.92412 RightFinger
24 24 -505.63934 -3.389124 -97.28997 RightFinger
25 24 -546.4626 92.99919 -38.819733 RightFinger
26 24 -562.4956 125.93612 88.40167 RightFinger
27 24 -536.1674 30.089205 179.51628 RightFinger
28 24 -495.76596 -137.1643 190.4962 RightFinger
29 24 -453.14014 -286.5228 169.86502 RightFinger
30 24 -414.6529 -365.01425 186.11783 RightFinger
31 24 -403.66934 -363.6613 264.3957 RightFinger
32 24 -439.56757 -307.5185 333.49954 RightFinger
33 24 -503.87018 -218.27783 366.05148 RightFinger
34 24 -537.8819 -135.65927 345.87927 RightFinger
35 24 -524.4293 -110.88037 272.2099 RightFinger
36 24 -482.94464 -205.91197 178.09033 RightFinger
37 24 -469.53467 -340.80103 103.41034 RightFinger
38 24 -454.771 -334.1021 45.50372 RightFinger
39 24 -428.75275 -275.0337 24.864433 RightFinger
40 24 -422.2916 -209.40367 -64.181854 RightFinger
