0 0 106.694565 -657.6765 43.7339 LeftHip
1 0 29.877716 -626.948 -112.44792 LeftHip
2 0 81.54732 -619.3399 -151.66707 LeftHip
3 0 194.24455 -651.7793 29.83521 LeftHip
4 0 196.59225 -627.0856 202.37672 LeftHip
5 0 205.36841 -564.4012 331.0349 LeftHip
6 0 203.6604 -531.72125 376.02487 LeftHip
7 0 194.68918 -534.4684 374.90533 LeftHip
8 0 188.70322 -532.26447 378.95892 LeftHip
9 0 130.37445 -564.3723 344.31903 LeftHip
10 0 86.31734 -610.5934 260.61472 LeftHip
11 0 71.17645 -635.6544 188.65808 LeftHip
12 0 60.05159 -650.7175 109.36673 LeftHip
13 0 36.81436 -643.397 -50.046833 LeftHip
14 0 28.06105 -624.6436 -118.68271 LeftHip
15 0 75.29532 -612.68823 -166.57123 LeftHip
16 0 199.83156 -650.7912 25.705133 LeftHip
17 0 196.20865 -627.3536 201.72343 LeftHip
18 0 188.04391 -568.58307 329.49023 LeftHip
19 0 183.65912 -531.8976 380.45624 LeftHip
20 0 176.45807 -533.084 380.39517 LeftHip
21 0 174.42014 -534.5162 379.01843 LeftHip
22 0 110.15262 -560.84753 349.6776 LeftHip
23 0 67.08177 -605.89905 267.45755 LeftHip
24 0 53.875366 -632.963 191.68257 LeftHip
25 0 36.09497 -644.39703 131.16963 LeftHip
26 0 29.714111 -649.2279 4.3025475 LeftHip
27 0 31.755234 -632.31573 -95.21918 LeftHip
28 0 71.38168 -603.76465 -185.38914 LeftHip
29 0 191.40707 -651.8765 20.774578 LeftHip
30 0 198.42236 -628.5151 196.81891 LeftHip
31 0 192.27069 -567.519 330.03772 LeftHip
32 0 186.5571 -529.39264 382.86133 LeftHip
0 1 97.79216 -1167.7007 43.7339 LeftKnee
1 1 -52.74057 -1107.4843 -262.325 LeftKnee
2 1 38.33629 -1047.5577 -425.46674 LeftKnee
3 1 158.75146 -943.32043 -387.23547 LeftKnee
4 1 138.27417 -929.3738 -204.3477 LeftKnee
5 1 148.38014 -990.3487 56.216797 LeftKnee
6 1 227.99164 -1041.1136 364.56366 LeftKnee
7 1 307.06274 -996.00085 560.819 LeftKnee
8 1 259.32773 -1020.2219 509.7782 LeftKnee
9 1 112.1615 -1073.7592 364.2501 LeftKnee
10 1 30.338257 -1117.0289 236.25626 LeftKnee
11 1 23.328598 -1137.7087 112.133575 LeftKnee
12 1 9.378021 -1141.1956 -21.275589 LeftKnee
13 1 -39.147293 -1139.7181 -140.0418 LeftKnee
14 1 -56.300568 -1102.9685 -274.54288 LeftKnee
15 1 29.103256 -1050.636 -424.00458 LeftKnee
16 1 179.29587 -949.2711 -387.44373 LeftKnee
17 1 155.17226 -936.208 -202.16875 LeftKnee
18 1 150.14581 -991.988 47.539886 LeftKnee
19 1 201.22754 -1041.2932 360.1732 LeftKnee
20 1 264.57303 -999.64276 566.84265 LeftKnee
21 1 236.41728 -1021.9043 516.1793 LeftKnee
22 1 75.279236 -1067.7717 394.57336 LeftKnee
23 1 -7.623642 -1110.4991 268.80383 LeftKnee
24 1 -17.392685 -1135.6133 142.00717 LeftKnee
25 1 -40.636078 -1135.5605 16.824692 LeftKnee
26 1 -53.281937 -1142.2063 -97.12688 LeftKnee
27 1 -49.06131 -1118.0029 -228.56299 LeftKnee
28 1 28.591934 -1062.0533 -405.26294 LeftKnee
29 1 171.01656 -957.76135 -386.9296 LeftKnee
30 1 165.91629 -935.1127 -209.56165 LeftKnee
31 1 172.03726 -987.75037 41.593292 LeftKnee
32 1 223.37437 -1036.9166 347.25455 LeftKnee
0 2 97.088425 -1208.0219 193.9406 LeftFeet
1 2 -53.554096 -1159.5397 -115.771576 LeftFeet
2 2 49.35291 -1158.2086 -316.73145 LeftFeet
3 2 205.80789 -1089.5442 -362.89084 LeftFeet
4 2 206.64249 -1058.2449 -150.43726 LeftFeet
5 2 220.28217 -1076.5304 163.87904 LeftFeet
6 2 288.1872 -1047.3743 507.8314 LeftFeet
7 2 322.43787 -940.9731 705.46985 LeftFeet
8 2 287.62836 -1014.975 662.61755 LeftFeet
9 2 129.75961 -1102.0056 516.1737 LeftFeet
10 2 48.43592 -1145.5431 388.07114 LeftFeet
11 2 34.46332 -1165.9879 264.66113 LeftFeet
12 2 14.850407 -1172.7798 130.91121 LeftFeet
13 2 -38.85771 -1173.1592 11.846161 LeftFeet
14 2 -59.289505 -1156.0748 -128.3953 LeftFeet
15 2 33.744858 -1161.4692 -314.99643 LeftFeet
16 2 221.92313 -1096.2015 -359.4669 LeftFeet
17 2 221.40004 -1063.2395 -141.6276 LeftFeet
18 2 214.92116 -1081.1077 157.31313 LeftFeet
19 2 257.0153 -1051.9907 504.95453 LeftFeet
20 2 293.53912 -937.3722 706.3836 LeftFeet
21 2 276.6095 -1006.51794 665.63226 LeftFeet
22 2 100.5374 -1092.3468 546.05414 LeftFeet
23 2 19.37326 -1134.9832 419.9992 LeftFeet
24 2 0.6533432 -1159.1667 294.67645 LeftFeet
25 2 -38.35613 -1160.8308 170.26704 LeftFeet
26 2 -53.28293 -1170.1251 55.872726 LeftFeet
27 2 -55.007736 -1164.7585 -80.35066 LeftFeet
28 2 30.23521 -1167.765 -291.19858 LeftFeet
29 2 202.96043 -1106.5212 -354.70523 LeftFeet
30 2 215.36885 -1071.7559 -154.14117 LeftFeet
31 2 225.44232 -1080.5519 154.39456 LeftFeet
32 2 272.43118 -1047.5715 494.45593 LeftFeet
0 3 97.088425 -1208.0219 271.81488 LeftToe
1 3 -47.9808 -1148.4696 -38.88987 LeftToe
2 3 58.36236 -1174.0677 -241.02328 LeftToe
3 3 234.1611 -1142.6927 -313.53772 LeftToe
4 3 243.90475 -1104.3163 -99.90652 LeftToe
5 3 257.59558 -1096.3801 229.28625 LeftToe
6 3 315.19525 -1021.3097 576.0634 LeftToe
7 3 321.35898 -883.11475 757.5818 LeftToe
8 3 295.97824 -973.22205 727.8201 LeftToe
9 3 139.68996 -1088.5305 592.2277 LeftToe
10 3 60.139095 -1134.6561 464.28738 LeftToe
11 3 41.96822 -1157.2749 341.6817 LeftToe
12 3 19.697214 -1165.6051 208.30267 LeftToe
13 3 -35.420277 -1167.8463 89.46293 LeftToe
14 3 -57.12211 -1161.3474 -50.729935 LeftToe
15 3 40.036087 -1177.8337 -239.12135 LeftToe
16 3 246.71848 -1150.878 -309.86768 LeftToe
17 3 256.1804 -1103.2227 -84.565475 LeftToe
18 3 248.10214 -1104.2 223.87265 LeftToe
19 3 281.3217 -1021.9285 572.55536 LeftToe
20 3 301.59293 -880.8959 759.3927 LeftToe
21 3 292.04852 -964.8379 729.5761 LeftToe
22 3 114.87458 -1085.5521 622.2951 LeftToe
23 3 35.646236 -1128.991 495.91818 LeftToe
24 3 12.445451 -1149.3485 371.02405 LeftToe
25 3 -35.289692 -1160.6621 248.08076 LeftToe
26 3 -49.99205 -1163.9946 133.43555 LeftToe
27 3 -54.711735 -1168.3699 -2.5606995 LeftToe
28 3 33.843533 -1193.2709 -217.70818 LeftToe
29 3 222.0232 -1158.6222 -300.0563 LeftToe
30 3 242.30434 -1117.3204 -97.02068 LeftToe
31 3 252.04509 -1100.3076 224.86734 LeftToe
32 3 292.69687 -1020.30194 564.5279 LeftToe
0 4 -103.47956 -657.23035 43.7332 RightHip
1 4 -129.92407 -524.336 394.83527 RightHip
2 4 -92.64205 -541.03314 374.7755 RightHip
3 4 -32.345116 -585.04047 298.84152 RightHip
4 4 -24.461754 -624.1493 206.00212 RightHip
5 4 -8.546867 -638.3565 138.16269 RightHip
6 4 -8.183907 -646.9162 43.5785 RightHip
7 4 -25.209007 -629.7271 -100.75395 RightHip
8 4 -55.472694 -611.96484 -163.22417 RightHip
9 4 -117.9835 -652.76917 -25.380524 RightHip
10 4 -147.97964 -645.9911 146.95737 RightHip
11 4 -123.088585 -608.3181 266.29694 RightHip
12 4 -120.16796 -570.7678 334.22253 RightHip
13 4 -127.241066 -539.837 376.56085 RightHip
14 4 -129.24295 -523.1811 396.1731 RightHip
15 4 -98.673195 -539.55664 376.92682 RightHip
16 4 -37.019188 -584.4995 301.2329 RightHip
17 4 -27.462608 -619.1445 222.09068 RightHip
18 4 -10.941338 -635.2881 155.73254 RightHip
19 4 1.5972672 -644.3253 67.192535 RightHip
20 4 -8.336678 -631.5747 -81.86068 RightHip
21 4 -39.158592 -615.97876 -148.04947 RightHip
22 4 -106.30587 -653.5173 -19.308033 RightHip
23 4 -148.00626 -642.4877 163.2456 RightHip
24 4 -141.04266 -597.3335 287.2742 RightHip
25 4 -145.92575 -554.0459 356.66602 RightHip
26 4 -124.44288 -541.9854 373.984 RightHip
27 4 -111.98806 -523.6085 396.07648 RightHip
28 4 -88.59948 -540.7873 374.81317 RightHip
29 4 -34.558876 -582.57635 303.89948 RightHip
30 4 -14.597618 -617.459 220.11438 RightHip
31 4 1.6422501 -631.7754 159.43744 RightHip
32 4 13.8643875 -641.33075 69.97496 RightHip
0 5 -94.66444 -1162.2299 43.7332 RightKnee
1 5 -200.84152 -1006.8759 526.0917 RightKnee
2 5 -89.811516 -1045.8226 391.5625 RightKnee
3 5 46.028282 -1079.2817 230.39081 RightKnee
4 5 52.367256 -1111.4261 97.55494 RightKnee
5 5 69.038475 -1115.2935 -8.853836 RightKnee
6 5 74.38441 -1117.2305 -121.00938 RightKnee
7 5 58.039513 -1108.5718 -238.15776 RightKnee
8 5 -1.004219 -1073.918 -360.03564 RightKnee
9 5 -108.72413 -992.23083 -399.2553 RightKnee
10 5 -132.83472 -939.96704 -263.47046 RightKnee
11 5 -82.05608 -988.3988 -63.789795 RightKnee
12 5 -96.87464 -1057.0457 199.70999 RightKnee
13 5 -184.11226 -1032.0798 474.36115 RightKnee
14 5 -182.763 -1009.68994 520.8608 RightKnee
15 5 -103.83506 -1044.4854 388.00412 RightKnee
16 5 45.396873 -1078.0037 232.21477 RightKnee
17 5 53.755775 -1107.4479 121.76279 RightKnee
18 5 76.98345 -1113.8163 20.151184 RightKnee
19 5 98.19926 -1116.7666 -83.039474 RightKnee
20 5 90.95702 -1112.1763 -201.29745 RightKnee
21 5 30.824226 -1081.749 -330.43018 RightKnee
22 5 -91.62115 -1019.84705 -366.7114 RightKnee
23 5 -151.31403 -938.63306 -245.88678 RightKnee
24 5 -104.46884 -958.07556 -64.33603 RightKnee
25 5 -128.15248 -1025.3486 175.94507 RightKnee
26 5 -171.038 -1037.538 459.76797 RightKnee
27 5 -154.83559 -1007.2228 535.30145 RightKnee
28 5 -75.82844 -1045.3547 393.54218 RightKnee
29 5 58.53617 -1074.6553 238.37158 RightKnee
30 5 87.03109 -1102.9939 125.08948 RightKnee
31 5 113.5716 -1107.6815 32.60099 RightKnee
32 5 123.85572 -1113.7927 -70.68021 RightKnee
0 6 -93.84202 -1209.3451 193.0908 RightFeet
1 6 -190.78604 -956.3609 673.9948 RightFeet
2 6 -77.178856 -1074.7478 544.9638 RightFeet
3 6 65.01601 -1117.1412 381.16992 RightFeet
4 6 74.079185 -1151.065 247.50684 RightFeet
5 6 96.70271 -1156.1224 139.79306 RightFeet
6 6 105.02898 -1167.1975 24.222923 RightFeet
7 6 93.96018 -1176.3242 -101.60182 RightFeet
8 6 32.59017 -1178.001 -247.9358 RightFeet
9 6 -115.37049 -1146.3176 -372.02866 RightFeet
10 6 -179.32254 -1088.1799 -243.4697 RightFeet
11 6 -120.20524 -1102.9584 35.954758 RightFeet
12 6 -126.697334 -1102.8903 346.4652 RightFeet
13 6 -190.54982 -988.409 624.62634 RightFeet
14 6 -180.49532 -967.01135 671.5314 RightFeet
15 6 -92.88104 -1074.9807 541.2303 RightFeet
16 6 61.944855 -1116.4349 383.13666 RightFeet
17 6 72.07379 -1146.3428 272.3611 RightFeet
18 6 98.665985 -1152.2345 170.4247 RightFeet
19 6 126.65883 -1162.5901 63.992767 RightFeet
20 6 129.48582 -1173.6862 -62.51602 RightFeet
21 6 74.67656 -1180.3906 -216.96204 RightFeet
22 6 -81.22223 -1172.4865 -333.22577 RightFeet
23 6 -182.94734 -1090.1228 -221.83664 RightFeet
24 6 -149.15488 -1086.6763 13.080017 RightFeet
25 6 -163.4424 -1093.241 312.596 RightFeet
26 6 -179.49074 -1005.647 612.8684 RightFeet
27 6 -151.43385 -951.9484 681.7985 RightFeet
28 6 -64.3389 -1070.9316 547.62665 RightFeet
29 6 77.63457 -1110.2633 389.68427 RightFeet
30 6 114.00592 -1140.3333 274.77698 RightFeet
31 6 145.5193 -1147.3209 180.70999 RightFeet
32 6 165.63582 -1163.9176 71.69304 RightFeet
0 7 -93.84202 -1209.3451 271.1891 RightToe
1 7 -180.50993 -893.3166 718.9298 RightToe
2 7 -71.38681 -1044.7192 616.8253 RightToe
3 7 67.6927 -1096.1034 456.33365 RightToe
4 7 78.58209 -1134.7699 323.75342 RightToe
5 7 103.45835 -1140.4423 216.00223 RightToe
6 7 111.80495 -1151.608 100.44888 RightToe
7 7 102.63252 -1161.9739 -25.324677 RightToe
8 7 44.03968 -1183.3757 -170.86853 RightToe
9 7 -120.14855 -1205.287 -321.04706 RightToe
10 7 -206.21625 -1148.8953 -202.36356 RightToe
11 7 -140.88492 -1123.5719 108.3894 RightToe
12 7 -141.06485 -1077.6682 418.96878 RightToe
13 7 -188.24901 -929.2782 675.59296 RightToe
14 7 -174.51129 -904.14264 717.47766 RightToe
15 7 -87.23276 -1044.1898 612.77997 RightToe
16 7 63.257946 -1096.1362 458.53943 RightToe
17 7 74.38126 -1127.8539 348.20425 RightToe
18 7 101.70112 -1133.8663 246.27155 RightToe
19 7 132.02577 -1147.4617 140.42358 RightToe
20 7 140.75874 -1167.1128 14.4843445 RightToe
21 7 91.287895 -1189.9954 -141.25763 RightToe
22 7 -76.387146 -1228.8263 -279.3575 RightToe
23 7 -199.7974 -1140.6407 -164.71086 RightToe
24 7 -173.62631 -1114.4961 81.829895 RightToe
25 7 -180.03932 -1077.8405 387.34033 RightToe
26 7 -178.70319 -948.6837 666.2904 RightToe
27 7 -146.49747 -889.51544 728.45795 RightToe
28 7 -60.2629 -1034.8329 616.76135 RightToe
29 7 79.19622 -1088.3578 464.63126 RightToe
30 7 120.59271 -1128.3402 351.66733 RightToe
31 7 149.74191 -1123.9464 255.10857 RightToe
32 7 177.40123 -1153.9441 148.25313 RightToe
0 8 1.3727 143.815 -9.8784 Spine1
1 8 16.217949 140.1794 -29.477722 Spine1
2 8 10.367169 141.41461 -26.012531 Spine1
3 8 -1.7343888 142.40565 -22.357151 Spine1
4 8 1.3620559 142.63301 -20.885172 Spine1
5 8 -2.0231426 142.63889 -20.79131 Spine1
6 8 -4.172949 142.86078 -18.857569 Spine1
7 8 -8.71766 142.34425 -21.079239 Spine1
8 8 -6.3612986 142.07602 -23.583096 Spine1
9 8 6.873786 142.58678 -20.099325 Spine1
10 8 11.05527 142.28326 -20.383177 Spine1
11 8 8.876721 142.30452 -21.280243 Spine1
12 8 9.013272 142.44516 -20.257366 Spine1
13 8 15.422576 141.33095 -23.873196 Spine1
14 8 19.360209 140.57327 -25.427563 Spine1
15 8 12.295003 141.09953 -26.869568 Spine1
16 8 -1.0869889 142.17114 -23.841362 Spine1
17 8 3.3877625 142.50388 -21.526554 Spine1
18 8 -0.7111295 142.56071 -21.40474 Spine1
19 8 -6.5490804 142.39622 -21.509312 Spine1
20 8 -13.893629 141.72346 -22.442217 Spine1
21 8 -12.849782 141.52434 -24.248013 Spine1
22 8 2.247796 142.30844 -22.923298 Spine1
23 8 8.055285 142.12144 -22.77787 Spine1
24 8 4.8387365 142.15205 -23.486328 Spine1
25 8 11.904917 141.82962 -22.90969 Spine1
26 8 17.436005 140.64168 -26.422073 Spine1
27 8 22.768154 138.85736 -31.344242 Spine1
28 8 18.648008 140.08829 -28.456093 Spine1
29 8 6.8555975 141.76439 -25.260307 Spine1
30 8 7.3478184 141.83124 -24.74131 Spine1
31 8 0.6892839 142.15392 -23.958427 Spine1
32 8 -5.1289454 142.39365 -21.908087 Spine1
0 9 2.0874 288.3202 -14.0231 Spine2
1 9 29.288849 281.9427 -54.612816 Spine2
2 9 12.126768 283.94568 -50.121464 Spine2
3 9 -17.045107 284.57593 -43.63241 Spine2
4 9 -10.262874 285.488 -39.773193 Spine2
5 9 -15.334963 285.49664 -38.50834 Spine2
6 9 -19.622763 285.7822 -34.16175 Spine2
7 9 -28.241627 284.65338 -37.400364 Spine2
8 9 -22.807251 284.35663 -43.20961 Spine2
9 9 7.935502 286.10083 -37.4786 Spine2
10 9 18.34396 285.55707 -38.241993 Spine2
11 9 11.755843 285.52423 -40.75505 Spine2
12 9 11.397642 285.90558 -37.945503 Spine2
13 9 26.035355 284.01166 -44.586006 Spine2
14 9 34.047127 282.58188 -48.17169 Spine2
15 9 17.692026 283.41766 -51.686058 Spine2
16 9 -14.874289 284.3656 -45.979343 Spine2
17 9 -5.2480273 285.4192 -41.52854 Spine2
18 9 -11.5552 285.32397 -41.417194 Spine2
19 9 -23.331715 284.75848 -40.238182 Spine2
20 9 -38.509792 283.0045 -40.694885 Spine2
21 9 -35.628616 282.82062 -44.642365 Spine2
22 9 -0.3492415 285.31702 -43.929245 Spine2
23 9 13.707601 285.16748 -42.910477 Spine2
24 9 4.7052298 285.2417 -44.096542 Spine2
25 9 17.642357 284.9532 -42.458885 Spine2
26 9 29.448845 282.78693 -49.871254 Spine2
27 9 40.84295 279.38406 -60.06685 Spine2
28 9 31.33929 281.80786 -54.028313 Spine2
29 9 2.6855888 284.58777 -47.249878 Spine2
30 9 3.6764169 284.8174 -45.73935 Spine2
31 9 -8.1048355 284.9536 -44.70333 Spine2
32 9 -20.258911 284.61258 -42.986664 Spine2
0 10 2.5865 396.6564 -34.188156 Neck1
1 10 54.955296 382.33658 -92.10838 Neck1
2 10 29.150614 385.7693 -88.66696 Neck1
3 10 -10.859969 386.64468 -84.70951 Neck1
4 10 -4.0372186 387.80304 -80.22674 Neck1
5 10 -10.118965 386.90604 -81.31656 Neck1
6 10 -16.072336 387.823 -75.61875 Neck1
7 10 -27.766266 387.16202 -77.84004 Neck1
8 10 -20.219484 386.42264 -84.67584 Neck1
9 10 23.312443 387.97742 -76.57233 Neck1
10 10 36.468925 386.32104 -79.00614 Neck1
11 10 27.342388 386.9563 -80.907425 Neck1
12 10 28.40249 386.89978 -78.62248 Neck1
13 10 49.740936 383.38593 -85.894745 Neck1
14 10 58.86464 381.4141 -90.12283 Neck1
15 10 36.57476 383.6101 -93.501465 Neck1
16 10 -7.066861 387.2148 -84.76979 Neck1
17 10 5.1647143 388.43158 -79.25964 Neck1
18 10 -1.6578245 388.0276 -80.11635 Neck1
19 10 -16.297302 387.7649 -78.75854 Neck1
20 10 -37.35949 386.25333 -79.19124 Neck1
21 10 -34.155827 385.9643 -83.40866 Neck1
22 10 12.91565 386.04166 -86.6165 Neck1
23 10 31.248287 384.35132 -87.61508 Neck1
24 10 20.871578 385.49573 -86.89134 Neck1
25 10 37.57932 385.31683 -83.364555 Neck1
26 10 52.14263 382.3171 -91.37242 Neck1
27 10 66.392944 377.63846 -102.925766 Neck1
28 10 53.924206 381.76337 -94.55529 Neck1
29 10 16.251026 386.9668 -85.696304 Neck1
30 10 17.314617 387.4643 -83.438614 Neck1
31 10 2.9382305 385.55875 -88.29546 Neck1
32 10 -13.708536 386.51468 -84.41938 Neck1
0 11 4.9868 506.0799 -31.645794 Neck2
1 11 64.146904 489.46692 -112.707886 Neck2
2 11 31.193615 493.6601 -107.13664 Neck2
3 11 -19.85183 494.16266 -103.27734 Neck2
4 11 -14.119265 495.33527 -98.14054 Neck2
5 11 -22.063976 494.0567 -100.33719 Neck2
6 11 -28.94321 494.52484 -96.47023 Neck2
7 11 -42.74043 493.38474 -99.70881 Neck2
8 11 -33.778618 492.64444 -107.45317 Neck2
9 11 19.754543 495.4095 -97.343 Neck2
10 11 38.22001 494.12268 -98.018555 Neck2
11 11 26.479362 495.45374 -95.511856 Neck2
12 11 27.266457 495.50525 -92.38068 Neck2
13 11 53.678604 491.1659 -104.701706 Neck2
14 11 66.121254 488.5149 -111.628456 Neck2
15 11 38.73645 490.8632 -115.36082 Neck2
16 11 -16.620546 493.64328 -108.59079 Neck2
17 11 -2.3423257 494.50928 -105.27679 Neck2
18 11 -8.682864 493.60007 -108.23807 Neck2
19 11 -25.137825 492.57397 -109.13336 Neck2
20 11 -49.356583 490.7037 -109.718605 Neck2
21 11 -45.58404 490.72385 -113.08288 Neck2
22 11 14.206611 491.1654 -117.16247 Neck2
23 11 38.451885 489.21713 -118.22549 Neck2
24 11 26.869589 491.57788 -113.27953 Neck2
25 11 44.259686 492.13208 -106.421196 Neck2
26 11 59.954025 489.04617 -114.47258 Neck2
27 11 75.88873 484.0002 -127.06571 Neck2
28 11 59.491005 489.31332 -114.24653 Neck2
29 11 10.322855 494.95578 -102.69528 Neck2
30 11 9.129313 495.473 -99.33983 Neck2
31 11 -6.7954664 493.55737 -103.37141 Neck2
32 11 -25.179554 494.6237 -97.32643 Neck2
0 12 5.9003 616.4796 -3.8232117 Head
1 12 59.896034 603.24225 -112.325615 Head
2 12 19.748133 606.88495 -103.64774 Head
3 12 -43.069008 605.5244 -98.52813 Head
4 12 -37.69361 606.5649 -92.20292 Head
5 12 -45.931995 605.1946 -93.87747 Head
6 12 -52.777245 605.81085 -93.24647 Head
7 12 -67.45712 604.5172 -98.40822 Head
8 12 -57.405685 604.021 -107.19746 Head
9 12 4.984748 608.2896 -95.61954 Head
10 12 29.823399 607.55444 -92.94226 Head
11 12 13.869855 608.1068 -84.86692 Head
12 12 12.6635 607.72656 -79.884155 Head
13 12 43.085403 604.3862 -99.04736 Head
14 12 59.88844 602.1852 -109.82368 Head
15 12 27.312256 604.14124 -114.5822 Head
16 12 -40.904243 604.8108 -112.480095 Head
17 12 -24.037449 606.0366 -112.62614 Head
18 12 -28.036861 605.3795 -117.92388 Head
19 12 -45.050575 603.9635 -121.73843 Head
20 12 -70.35346 601.8932 -122.33054 Head
21 12 -65.439445 602.25006 -124.51504 Head
22 12 7.447295 604.29315 -128.0925 Head
23 12 38.60935 602.6608 -127.897385 Head
24 12 23.762465 605.2904 -118.05936 Head
25 12 39.17324 605.86975 -107.378235 Head
26 12 54.983154 602.78827 -115.500854 Head
27 12 72.00931 597.7706 -129.13503 Head
28 12 50.90072 602.8004 -111.09725 Head
29 12 -11.525738 606.5316 -96.653015 Head
30 12 -14.83141 606.51025 -91.61696 Head
31 12 -30.344212 604.2207 -90.63876 Head
32 12 -48.303886 605.26025 -83.62021 Head
0 13 250.0309 351.6254 -26.1779 LeftClavicle
1 13 276.05524 345.6718 -28.608694 LeftClavicle
2 13 251.04271 371.80576 -21.293556 LeftClavicle
3 13 210.22609 397.85178 -9.755363 LeftClavicle
4 13 222.3539 392.26413 -28.839485 LeftClavicle
5 13 219.216 386.10876 -60.74149 LeftClavicle
6 13 213.2428 387.10248 -67.91225 LeftClavicle
7 13 202.00385 386.9109 -83.8943 LeftClavicle
8 13 209.27309 381.75046 -91.00519 LeftClavicle
9 13 248.6533 359.44763 -85.50409 LeftClavicle
10 13 262.808 349.2185 -80.85437 LeftClavicle
11 13 256.131 360.72302 -56.792587 LeftClavicle
12 13 255.20668 364.5607 -39.27894 LeftClavicle
13 13 272.88654 352.32834 -39.238754 LeftClavicle
14 13 281.717 347.79013 -41.94396 LeftClavicle
15 13 260.33185 363.16138 -31.73328 LeftClavicle
16 13 215.13559 393.68237 -18.112516 LeftClavicle
17 13 229.89381 387.04663 -38.147476 LeftClavicle
18 13 224.89624 380.3528 -67.71358 LeftClavicle
19 13 209.37376 382.90417 -83.21327 LeftClavicle
20 13 187.96288 386.91183 -100.23211 LeftClavicle
21 13 191.88622 382.5549 -107.26289 LeftClavicle
22 13 240.34294 357.7136 -93.50006 LeftClavicle
23 13 258.50342 345.87265 -87.86767 LeftClavicle
24 13 249.28844 360.0244 -58.85702 LeftClavicle
25 13 262.13443 360.83148 -32.590897 LeftClavicle
26 13 275.1507 353.13168 -32.166824 LeftClavicle
27 13 287.53635 344.4713 -36.887627 LeftClavicle
28 13 274.94434 354.7271 -22.873363 LeftClavicle
29 13 236.91785 382.6169 -13.23814 LeftClavicle
30 13 241.43126 380.1443 -41.653667 LeftClavicle
31 13 229.39264 377.00845 -72.12805 LeftClavicle
32 13 213.50221 380.01227 -86.41354 LeftClavicle
0 14 587.2757 304.22876 -26.1779 LeftHumerus
1 14 298.02884 49.17975 137.49405 LeftHumerus
2 14 300.7336 61.2594 109.36733 LeftHumerus
3 14 291.09927 78.10013 75.0911 LeftHumerus
4 14 297.41107 63.588165 19.316727 LeftHumerus
5 14 300.92844 55.511658 -63.75918 LeftHumerus
6 14 291.78217 60.661133 -124.904465 LeftHumerus
7 14 268.81854 62.908875 -164.75839 LeftHumerus
8 14 262.07513 56.15094 -175.72464 LeftHumerus
9 14 266.1508 28.482727 -163.84027 LeftHumerus
10 14 269.00406 11.590973 -125.01013 LeftHumerus
11 14 289.179 21.90152 -47.39646 LeftHumerus
12 14 307.6936 34.509003 26.230461 LeftHumerus
13 14 314.23395 39.87497 89.77196 LeftHumerus
14 14 308.3337 43.23645 108.119675 LeftHumerus
15 14 304.5832 47.347992 87.783325 LeftHumerus
16 14 293.0645 70.673584 56.53936 LeftHumerus
17 14 298.05246 56.14273 4.718487 LeftHumerus
18 14 294.79745 47.17334 -76.97312 LeftHumerus
19 14 277.9085 55.17694 -145.48979 LeftHumerus
20 14 244.97798 64.98294 -195.58173 LeftHumerus
21 14 236.66454 59.08133 -203.90771 LeftHumerus
22 14 258.4604 27.2294 -173.70258 LeftHumerus
23 14 267.62018 9.93634 -143.0416 LeftHumerus
24 14 289.51324 21.852966 -57.252083 LeftHumerus
25 14 306.7699 32.446716 45.841354 LeftHumerus
26 14 307.48196 48.299957 116.20032 LeftHumerus
27 14 303.0685 54.340515 140.77325 LeftHumerus
28 14 305.15726 51.103577 128.3893 LeftHumerus
29 14 296.17816 66.275604 98.103226 LeftHumerus
30 14 303.97952 53.97699 33.732647 LeftHumerus
31 14 305.27997 45.55612 -53.129128 LeftHumerus
32 14 289.5783 51.37967 -133.24864 LeftHumerus
0 15 819.87756 271.53873 -26.1779 LeftRadius
1 15 225.68062 -46.040955 339.65988 LeftRadius
2 15 233.11182 -47.801018 306.1042 LeftRadius
3 15 245.01807 -73.635345 248.36877 LeftRadius
4 15 279.3665 -125.71248 157.2005 LeftRadius
5 15 319.57166 -157.21286 34.08242 LeftRadius
6 15 338.88672 -165.1338 -80.51891 LeftRadius
7 15 337.8064 -160.9525 -182.05089 LeftRadius
8 15 314.3543 -169.31119 -215.79945 LeftRadius
9 15 301.16766 -201.8521 -193.7059 LeftRadius
10 15 296.60895 -221.10345 -108.77648 LeftRadius
11 15 306.93607 -197.27649 35.174423 LeftRadius
12 15 296.00262 -154.30573 165.45901 LeftRadius
13 15 273.83685 -105.77643 269.56635 LeftRadius
14 15 267.55185 -74.986015 306.94763 LeftRadius
15 15 264.36035 -72.122734 285.97803 LeftRadius
16 15 265.85513 -78.01904 236.32373 LeftRadius
17 15 286.5959 -126.4514 152.02902 LeftRadius
18 15 310.40677 -155.77898 40.24025 LeftRadius
19 15 318.87494 -165.76123 -77.07668 LeftRadius
20 15 307.50363 -161.38843 -191.24525 LeftRadius
21 15 290.2142 -164.9131 -250.07254 LeftRadius
22 15 282.70325 -202.8032 -214.56259 LeftRadius
23 15 294.6416 -223.21542 -133.9665 LeftRadius
24 15 309.6699 -197.87431 23.283104 LeftRadius
25 15 290.8364 -156.40964 184.59175 LeftRadius
26 15 260.90213 -97.79773 294.12744 LeftRadius
27 15 239.22998 -52.984047 339.71637 LeftRadius
28 15 231.70242 -53.572372 325.41614 LeftRadius
29 15 230.58105 -68.88225 278.66248 LeftRadius
30 15 267.9854 -115.82321 191.98744 LeftRadius
31 15 310.70087 -153.53494 71.39247 LeftRadius
32 15 332.64056 -170.87917 -70.64742 LeftRadius
0 16 865.70905 265.09753 -26.1779 LeftWrist
1 16 205.6198 -40.35693 380.979 LeftWrist
2 16 214.74213 -43.841908 348.3995 LeftWrist
3 16 226.17757 -80.07417 290.14905 LeftWrist
4 16 264.7071 -148.69276 194.60402 LeftWrist
5 16 312.99142 -192.96274 62.729603 LeftWrist
6 16 343.6589 -194.63881 -45.182037 LeftWrist
7 16 347.89084 -202.62625 -164.62628 LeftWrist
8 16 324.709 -212.5842 -203.06209 LeftWrist
9 16 308.88885 -244.71349 -178.0439 LeftWrist
10 16 301.30783 -258.93817 -82.53778 LeftWrist
11 16 301.63852 -231.59464 65.77205 LeftWrist
12 16 285.76093 -172.17697 206.90465 LeftWrist
13 16 258.00034 -112.5455 312.52444 LeftWrist
14 16 253.40564 -73.30335 350.98248 LeftWrist
15 16 250.63118 -67.69859 329.9547 LeftWrist
16 16 253.4053 -82.76278 280.64655 LeftWrist
17 16 277.15808 -140.66055 195.05276 LeftWrist
18 16 306.24503 -184.83977 76.01962 LeftWrist
19 16 323.72446 -197.64313 -43.87968 LeftWrist
20 16 319.79617 -199.65302 -168.2947 LeftWrist
21 16 301.54913 -207.83775 -236.99559 LeftWrist
22 16 289.41272 -245.56577 -198.18088 LeftWrist
23 16 300.1913 -260.75595 -107.472694 LeftWrist
24 16 308.36295 -226.88156 59.32317 LeftWrist
25 16 278.81506 -175.03653 225.2186 LeftWrist
26 16 242.83301 -104.1759 336.2563 LeftWrist
27 16 223.13 -47.996666 382.8201 LeftWrist
28 16 213.66194 -48.611927 367.74756 LeftWrist
29 16 211.5568 -69.081314 320.85315 LeftWrist
30 16 252.26138 -130.63022 232.92058 LeftWrist
31 16 304.37213 -179.00778 109.51196 LeftWrist
32 16 337.65512 -204.18669 -38.90666 LeftWrist
0 17 902.6601 259.90442 -26.1779 LeftHand
1 17 186.0312 -38.4668 412.68173 LeftHand
2 17 196.45787 -43.28571 380.9222 LeftHand
3 17 208.02972 -88.15521 321.73547 LeftHand
4 17 250.21039 -169.6532 221.85939 LeftHand
5 17 304.766 -223.43944 82.62589 LeftHand
6 17 343.91916 -220.7343 -18.511694 LeftHand
7 17 352.2013 -237.73068 -152.73305 LeftHand
8 17 329.04742 -248.70546 -194.7686 LeftHand
9 17 310.92368 -280.3279 -167.0976 LeftHand
10 17 300.99628 -290.7802 -63.086903 LeftHand
11 17 293.9024 -260.74762 87.740326 LeftHand
12 17 274.381 -189.19783 238.0998 LeftHand
13 17 242.07251 -120.803955 345.24222 LeftHand
14 17 238.4932 -74.675575 385.15973 LeftHand
15 17 235.99078 -66.85939 364.26657 LeftHand
16 17 240.02032 -89.401505 314.83893 LeftHand
17 17 266.1602 -154.65456 227.84854 LeftHand
18 17 299.40796 -210.21992 102.504555 LeftHand
19 17 323.75104 -225.25623 -18.78255 LeftHand
20 17 325.6368 -232.27048 -151.13843 LeftHand
21 17 306.51132 -243.7143 -228.01782 LeftHand
22 17 290.71805 -281.09637 -186.85736 LeftHand
23 17 300.5281 -292.39496 -87.69369 LeftHand
24 17 303.6955 -252.26682 86.27041 LeftHand
25 17 266.07355 -192.59644 255.57733 LeftHand
26 17 225.37378 -112.33349 368.20905 LeftHand
27 17 206.68915 -46.786148 416.2952 LeftHand
28 17 195.54623 -47.138268 400.33588 LeftHand
29 17 192.91002 -71.93275 353.04813 LeftHand
30 17 236.61783 -145.19075 263.50848 LeftHand
31 17 295.96558 -201.76294 137.86478 LeftHand
32 17 338.01648 -233.06471 -15.27874 LeftHand
0 18 857.3929 266.2663 11.706099 LeftFinger
1 18 181.30264 -42.402817 369.45508 LeftFinger
2 18 189.97876 -45.495274 337.79987 LeftFinger
3 18 202.09901 -84.15054 278.66367 LeftFinger
4 18 240.64218 -152.32431 182.94217 LeftFinger
5 18 287.6986 -195.5577 53.68283 LeftFinger
6 18 317.1058 -199.44109 -45.60478 LeftFinger
7 18 321.58267 -208.54587 -163.55612 LeftFinger
8 18 298.4216 -218.11214 -200.46942 LeftFinger
9 18 282.43335 -247.92557 -173.78967 LeftFinger
10 18 274.49957 -260.35373 -79.77673 LeftFinger
11 18 275.19635 -232.28574 60.41994 LeftFinger
12 18 260.23853 -175.93268 198.97913 LeftFinger
13 18 233.06734 -115.99496 302.7902 LeftFinger
14 18 227.78421 -75.66912 342.84277 LeftFinger
15 18 224.89879 -70.00074 322.15366 LeftFinger
16 18 227.72089 -86.11932 273.0737 LeftFinger
17 18 251.0997 -143.18561 188.50342 LeftFinger
18 18 279.73477 -186.78418 71.35776 LeftFinger
19 18 296.9057 -200.34772 -42.558235 LeftFinger
20 18 293.8578 -204.69904 -162.8133 LeftFinger
21 18 275.5886 -213.12997 -231.86217 LeftFinger
22 18 262.75977 -248.62814 -195.25644 LeftFinger
23 18 273.47128 -262.2505 -103.99191 LeftFinger
24 18 281.61804 -229.15678 56.52307 LeftFinger
25 18 253.60532 -178.43004 216.20416 LeftFinger
26 18 218.74754 -109.19765 325.16656 LeftFinger
27 18 197.88641 -50.892925 373.7271 LeftFinger
28 18 188.81123 -49.485725 357.2601 LeftFinger
29 18 187.03795 -71.24834 309.7879 LeftFinger
30 18 227.66495 -133.87361 222.29977 LeftFinger
31 18 278.2433 -181.75056 103.34211 LeftFinger
32 18 311.00107 -208.4086 -39.12493 LeftFinger
0 19 -242.774 341.516 -36.8543 RightClavicle
1 19 -207.53209 331.62265 -123.57588 RightClavicle
2 19 -226.95338 308.9396 -124.44603 RightClavicle
3 19 -255.8389 283.60382 -122.90883 RightClavicle
4 19 -255.68745 291.35144 -94.914345 RightClavicle
5 19 -265.791 297.56985 -59.34539 RightClavicle
6 19 -270.84467 297.28476 -42.125164 RightClavicle
7 19 -279.56186 295.17557 -31.435394 RightClavicle
8 19 -273.92096 299.31558 -38.082355 RightClavicle
9 19 -240.42448 326.15686 -32.897236 RightClavicle
10 19 -228.28488 335.3642 -39.518013 RightClavicle
11 19 -235.29335 323.26855 -69.91384 RightClavicle
12 19 -234.18896 320.912 -80.015945 RightClavicle
13 19 -216.60126 329.2398 -93.47414 RightClavicle
14 19 -207.66147 330.35144 -99.19315 RightClavicle
15 19 -222.9129 316.35968 -117.505875 RightClavicle
16 19 -255.63748 287.5299 -118.99457 RightClavicle
17 19 -251.86372 296.12213 -90.25537 RightClavicle
18 19 -261.83295 302.0972 -61.11139 RightClavicle
19 19 -274.5611 298.58435 -41.140648 RightClavicle
20 19 -289.37946 290.72098 -23.00152 RightClavicle
21 19 -286.19604 294.56787 -24.992132 RightClavicle
22 19 -248.7125 325.42853 -40.064972 RightClavicle
23 19 -232.35814 337.6995 -42.469917 RightClavicle
24 19 -242.18196 323.78818 -73.57625 RightClavicle
25 19 -225.44263 322.9771 -95.109 RightClavicle
26 19 -210.60104 325.6126 -111.92095 RightClavicle
27 19 -196.3533 326.3969 -129.6074 RightClavicle
28 19 -205.2041 321.844 -129.8735 RightClavicle
29 19 -236.3689 300.32806 -124.14827 RightClavicle
30 19 -242.8439 303.0337 -92.68673 RightClavicle
31 19 -258.31824 305.6489 -61.229874 RightClavicle
32 19 -271.36896 300.04706 -46.685158 RightClavicle
0 20 -591.2041 292.54736 -36.8543 RightHumerus
1 20 -242.64671 -6.598297 -213.99156 RightHumerus
2 20 -235.5646 -33.095764 -206.53809 RightHumerus
3 20 -226.47409 -59.76068 -193.90135 RightHumerus
4 20 -237.14786 -57.945282 -132.98701 RightHumerus
5 20 -265.9589 -54.267487 -55.893784 RightHumerus
6 20 -289.27673 -49.767334 12.797855 RightHumerus
7 20 -303.22778 -42.308167 65.23986 RightHumerus
8 20 -301.79694 -32.16623 76.56578 RightHumerus
9 20 -295.54553 -10.956268 51.46999 RightHumerus
10 20 -279.93756 -6.586548 25.313385 RightHumerus
11 20 -275.0456 -24.983429 -39.22609 RightHumerus
12 20 -270.64612 -28.47699 -100.00678 RightHumerus
13 20 -252.9698 -16.60849 -147.02496 RightHumerus
14 20 -239.79828 -13.83902 -164.7797 RightHumerus
15 20 -227.79688 -27.533234 -191.77048 RightHumerus
16 20 -219.80347 -54.78354 -192.06223 RightHumerus
17 20 -242.64638 -49.8349 -153.7394 RightHumerus
18 20 -279.3249 -49.12378 -72.91243 RightHumerus
19 20 -307.0782 -49.070404 2.221386 RightHumerus
20 20 -318.19952 -47.55423 69.41464 RightHumerus
21 20 -317.07196 -39.02011 82.55852 RightHumerus
22 20 -311.369 -11.774841 38.48118 RightHumerus
23 20 -301.0044 -2.7133179 14.171318 RightHumerus
24 20 -296.19482 -23.25595 -52.493965 RightHumerus
25 20 -278.65854 -23.09137 -129.83841 RightHumerus
26 20 -252.2656 -17.868622 -175.84381 RightHumerus
27 20 -234.44061 -15.869537 -201.74951 RightHumerus
28 20 -226.68158 -17.529205 -220.23949 RightHumerus
29 20 -227.4155 -40.644897 -210.51224 RightHumerus
30 20 -255.05736 -44.083862 -148.91573 RightHumerus
31 20 -296.85583 -44.056213 -65.98632 RightHumerus
32 20 -323.97125 -44.765045 -0.43533707 RightHumerus
0 21 -824.41394 259.77188 -36.8543 RightRadius
1 21 -284.57437 -237.48935 -194.18158 RightRadius
2 21 -273.3124 -265.04614 -221.87354 RightRadius
3 21 -237.80228 -294.91324 -199.89938 RightRadius
4 21 -255.70674 -291.4024 -108.2002 RightRadius
5 21 -268.09125 -273.7955 29.335037 RightRadius
6 21 -261.5996 -235.83658 154.47792 RightRadius
7 21 -246.82935 -184.57803 244.23578 RightRadius
8 21 -245.56836 -149.98004 272.57422 RightRadius
9 21 -259.28903 -140.8356 244.54472 RightRadius
10 21 -255.67026 -161.45631 201.06175 RightRadius
11 21 -264.84122 -207.7367 108.95671 RightRadius
12 21 -270.35406 -237.07573 9.297874 RightRadius
13 21 -275.26285 -242.44753 -84.09027 RightRadius
14 21 -281.1378 -245.3195 -151.78499 RightRadius
15 21 -264.0263 -260.07938 -200.18166 RightRadius
16 21 -231.14915 -290.00525 -190.30914 RightRadius
17 21 -256.96738 -281.5683 -114.29846 RightRadius
18 21 -286.64233 -269.34155 10.22377 RightRadius
19 21 -291.27728 -240.89111 137.9276 RightRadius
20 21 -277.96768 -204.0399 240.74673 RightRadius
21 21 -269.8407 -170.29604 272.28693 RightRadius
22 21 -290.8622 -147.35211 229.94739 RightRadius
23 21 -285.54218 -158.70773 189.92026 RightRadius
24 21 -292.98517 -204.73996 97.55367 RightRadius
25 21 -292.26624 -224.94865 -9.300011 RightRadius
26 21 -276.62686 -238.94273 -98.42421 RightRadius
27 21 -274.63077 -245.75241 -170.13205 RightRadius
28 21 -263.56906 -250.11497 -218.18573 RightRadius
29 21 -243.66757 -275.46948 -203.14049 RightRadius
30 21 -273.03134 -275.4622 -108.890076 RightRadius
31 21 -299.82764 -255.94301 36.757004 RightRadius
32 21 -297.05823 -209.77171 165.42464 RightRadius
0 22 -875.04504 252.65614 -36.8543 RightWrist
1 22 -320.03513 -274.02728 -198.83534 RightWrist
2 22 -306.082 -302.35983 -234.03848 RightWrist
3 22 -264.15717 -337.58875 -209.81725 RightWrist
4 22 -283.61484 -333.59814 -115.60294 RightWrist
5 22 -298.561 -313.56104 39.554615 RightWrist
6 22 -285.53476 -271.57202 182.1226 RightWrist
7 22 -268.771 -211.6369 281.65936 RightWrist
8 22 -263.1114 -170.22073 316.12534 RightWrist
9 22 -296.28268 -164.75192 270.49896 RightWrist
10 22 -284.5971 -190.7598 231.37158 RightWrist
11 22 -293.2921 -242.58105 133.25816 RightWrist
12 22 -301.7796 -274.40356 24.569162 RightWrist
13 22 -309.6738 -279.6984 -77.57848 RightWrist
14 22 -314.43713 -283.9046 -155.8454 RightWrist
15 22 -296.1491 -297.45685 -213.79022 RightWrist
16 22 -256.55823 -333.1503 -200.65453 RightWrist
17 22 -285.87503 -323.5645 -118.1469 RightWrist
18 22 -316.86597 -309.48288 19.676287 RightWrist
19 22 -320.15897 -275.6271 161.87343 RightWrist
20 22 -302.2075 -233.83504 274.49323 RightWrist
21 22 -293.80978 -194.72075 310.27454 RightWrist
22 22 -321.23166 -170.80618 263.73715 RightWrist
23 22 -314.495 -186.81252 221.32086 RightWrist
24 22 -324.42737 -237.11526 121.582214 RightWrist
25 22 -326.62653 -259.5232 6.130991 RightWrist
26 22 -313.12662 -274.68314 -96.29474 RightWrist
27 22 -306.69443 -285.4727 -173.0242 RightWrist
28 22 -293.3195 -289.90182 -230.2714 RightWrist
29 22 -270.2261 -317.9499 -213.34843 RightWrist
30 22 -300.82776 -318.3747 -109.0329 RightWrist
31 22 -328.72632 -294.67947 53.445198 RightWrist
32 22 -323.78326 -244.67905 191.52815 RightWrist
0 23 -915.8648 246.91931 -36.8543 RightHand
1 23 -344.8886 -306.42108 -204.50186 RightHand
2 23 -328.4826 -334.8667 -245.89935 RightHand
3 23 -280.87527 -374.18906 -218.76619 RightHand
4 23 -301.76917 -369.83063 -123.13881 RightHand
5 23 -319.51636 -348.53552 45.622498 RightHand
6 23 -301.54382 -303.7255 202.34698 RightHand
7 23 -283.13196 -237.16647 310.66223 RightHand
8 23 -273.44046 -189.93332 350.82242 RightHand
9 23 -323.465 -188.34274 290.59268 RightHand
10 23 -304.5042 -218.10272 254.935 RightHand
11 23 -312.62054 -274.0652 151.54268 RightHand
12 23 -323.73822 -307.7498 34.81666 RightHand
13 23 -334.03717 -312.81772 -74.62912 RightHand
14 23 -337.6271 -317.47156 -161.7315 RightHand
15 23 -318.0067 -329.8171 -226.98947 RightHand
16 23 -272.47305 -369.99808 -210.04184 RightHand
17 23 -304.9046 -359.84647 -122.69192 RightHand
18 23 -337.59064 -344.69992 25.099516 RightHand
19 23 -340.31415 -307.1529 179.16667 RightHand
20 23 -318.51538 -261.56213 300.26962 RightHand
21 23 -309.6594 -218.12462 340.27805 RightHand
22 23 -342.3801 -193.59879 290.8001 RightHand
23 23 -334.39856 -213.20497 245.94705 RightHand
24 23 -346.31107 -266.84552 139.92282 RightHand
25 23 -350.7592 -290.9286 17.55373 RightHand
26 23 -338.94556 -306.81555 -96.06713 RightHand
27 23 -328.60312 -320.1263 -177.30185 RightHand
28 23 -313.17944 -323.95355 -242.32234 RightHand
29 23 -287.30032 -354.04587 -223.58145 RightHand
30 23 -319.16458 -355.22354 -111.288124 RightHand
31 23 -348.58826 -329.0031 64.69478 RightHand
32 23 -341.738 -276.1802 211.136 RightHand
0 24 -865.8569 253.94746 4.995899 RightFinger
1 24 -299.15753 -294.84912 -194.43489 RightFinger
2 24 -284.24197 -322.45688 -231.22398 RightFinger
3 24 -241.21956 -353.99905 -200.15482 RightFinger
4 24 -259.8351 -350.43335 -109.287506 RightFinger
5 24 -274.6454 -331.08978 42.649956 RightFinger
6 24 -260.09152 -286.96298 184.25534 RightFinger
7 24 -242.7983 -225.24524 287.04706 RightFinger
8 24 -235.41933 -178.50078 323.4313 RightFinger
9 24 -276.49222 -184.82089 280.21295 RightFinger
10 24 -260.31274 -205.67072 240.13107 RightFinger
11 24 -268.62106 -257.66193 140.51714 RightFinger
12 24 -278.4358 -292.60486 28.114887 RightFinger
13 24 -287.63995 -299.6463 -75.25946 RightFinger
14 24 -291.86157 -303.37567 -155.95157 RightFinger
15 24 -273.83826 -317.17444 -212.29605 RightFinger
16 24 -233.09966 -349.14493 -191.56303 RightFinger
17 24 -262.3862 -340.40265 -110.82969 RightFinger
18 24 -292.83643 -326.88083 22.623077 RightFinger
19 24 -296.3602 -293.32568 164.90271 RightFinger
20 24 -276.94955 -248.9206 279.31573 RightFinger
21 24 -268.01514 -207.1729 318.54318 RightFinger
22 24 -297.55106 -184.6585 275.40475 RightFinger
23 24 -290.18558 -201.19214 230.86401 RightFinger
24 24 -301.00186 -253.28342 130.44963 RightFinger
25 24 -304.58743 -277.07364 15.880363 RightFinger
26 24 -292.68576 -295.12305 -89.002914 RightFinger
27 24 -283.89514 -304.1906 -168.70879 RightFinger
28 24 -269.63245 -307.96707 -229.10582 RightFinger
29 24 -245.47717 -334.22897 -209.99081 RightFinger
30 24 -275.95724 -334.4946 -105.808914 RightFinger
31 24 -304.40176 -311.72614 55.997562 RightFinger
32 24 -298.57007 -259.3094 197.77602 RightFinger
